1 1 0.28084 -0.12839 1 0.99397 -0.56398 -0.13479 -0.13479 -0.47283 -0.36199 -0.14683 0.24462 0.24462 0.24652 -0.12839 0.2808 -0.12839 0.27035 -0.3702 -0.12839 0.27556 0.23866 0.52254 -0.66605 0.81431 -0.66811 0.28915 -0.65451 0.2406 0.79608 0.79195 -0.33801 0.7897 0.23866 -0.6484 0.26684 0.78783 0.23866 0.78559 -0.64439 0.78299 0.78783 0.78559 0.78334 -0.37748 -0.64826 -0.36962 0.35561 0.26425 -0.63353 -0.3135 -0.63353 -0.35524 -0.36654 -0.33575 -0.61511 -0.36445 -0.29519 -0.61511 0.34346 0.59339 0.013896 -0.13734 0.36235 -0.32232 0.3704 0.36716 0.36716 0.56861 -0.32232 -0.13734 0.34483 0.34169 -0.32232 -0.32232 0.65456 -0.32232 -0.32232 -0.067374 -0.11146 -0.32232 -0.34955 -0.31892 -0.067374 -0.31892 0.14103 0.65456 -0.067374 -0.32232 0.54692 0.25182 0.34658 0.57125 0.3302 0.01349 -0.11945 0.21615 -0.11945 -0.28852 -0.28852 0.20074 -0.28852 0.016205
1 1 0.28084 -0.12839 1 0.99397 -0.56398 -0.13479 -0.13479 -0.47283 -0.36199 -0.14683 0.24462 0.24462 0.24652 -0.12839 0.2808 -0.12839 0.27035 -0.3702 -0.12839 0.27556 0.23866 0.52254 -0.66605 0.81431 -0.66811 0.28915 -0.65451 0.2406 0.79608 0.79195 -0.33801 0.7897 0.23866 -0.6484 0.26684 0.78783 0.23866 0.78559 -0.64439 0.78299 0.78783 0.78559 0.78334 -0.37748 -0.64826 -0.36962 0.35561 0.26425 -0.63353 -0.3135 -0.63353 -0.35524 -0.36654 -0.33575 -0.61511 -0.36445 -0.29519 -0.61511 0.34346 0.59339 0.013896 -0.13734 0.36235 -0.32232 0.3704 0.36716 0.36716 0.56861 -0.32232 -0.13734 0.34483 0.34169 -0.32232 -0.32232 0.65456 -0.32232 -0.32232 -0.067374 -0.11146 -0.32232 -0.34955 -0.31892 -0.067374 -0.31892 0.14103 0.65456 -0.067374 -0.32232 0.54692 0.25182 0.34658 0.57125 0.3302 0.01349 -0.11945 0.21615 -0.11945 -0.28852 -0.28852 0.20074 -0.28852 0.016205
0.28084 0.28084 1 -0.45716 0.28084 0.2814 0.19491 -0.47996 -0.47996 0.19875 0.22324 -0.52283 0.82951 0.82951 0.83654 -0.45716 0.96404 -0.45716 0.95126 0.14592 -0.45716 0.95709 0.82278 0.15519 0.20179 0.23915 0.20112 0.081204 0.19646 0.82986 0.23602 0.22881 0.22457 0.23654 0.80902 0.18305 0.083881 0.23602 0.80902 0.23654 0.18305 0.23089 0.23602 0.23654 0.22985 0.07971 0.16325 0.12023 0.10177 0.083218 0.17054 0.21388 0.17054 0.085075 0.11913 0.089827 0.17524 0.11118 0.21118 0.17524 0.096456 0.18274 0.11963 -0.35979 0.27919 0.14441 0.28039 0.27919 0.27919 0.11955 0.14441 0.051737 0.27102 0.26987 0.14441 0.14441 0.13215 0.14441 0.14441 0.11302 -0.012255 0.14441 0.018152 0.14491 0.11302 0.14491 0.039605 0.13215 0.11302 0.14441 0.11358 -0.1218 0.19202 0.20019 0.17809 -0.00427 0.13617 0.041099 0.13617 0.1669 0.1669 -0.016769 0.1669 -0.0052072
-0.12839 -0.12839 -0.45716 1 -0.12839 -0.12864 -0.089105 0.9525 0.9525 -0.082454 -0.1054 -0.023198 0.038648 0.038648 0.038948 1 -0.44624 1 -0.45161 -0.06671 1 -0.45436 0.038948 -0.070945 0.12685 -0.10933 0.1271 -0.037123 0.1289 0.039246 -0.1112 -0.1112 -0.10267 -0.11143 0.038948 0.12864 -0.038347 -0.1112 0.038948 -0.11143 0.12864 -0.11214 -0.1112 -0.11143 -0.11167 0.18553 0.12813 -0.067383 -0.046524 -0.038044 0.12532 -0.10449 0.12532 0.18203 -0.066934 0.17899 0.12356 -0.067383 -0.091703 0.12356 -0.044096 -0.087136 -0.044128 0.81354 0.076225 -0.070059 0.076006 0.076225 0.076225 0.12057 -0.070059 -0.023652 0.077756 0.077974 -0.070059 -0.070059 -0.080589 -0.070059 -0.070059 -0.026534 0.25105 -0.070059 0.19505 -0.070281 -0.026534 -0.070281 -0.018106 -0.080589 -0.026534 -0.070059 0.12281 0.064224 0.073373 -0.09859 0.074471 -0.033948 0.081318 -0.038044 0.081318 -0.093723 -0.093723 0.22917 -0.093723 -0.033637
1 1 0.28084 -0.12839 1 0.99397 -0.56398 -0.13479 -0.13479 -0.47283 -0.36199 -0.14683 0.24462 0.24462 0.24652 -0.12839 0.2808 -0.12839 0.27035 -0.3702 -0.12839 0.27556 0.23866 0.52254 -0.66605 0.81431 -0.66811 0.28915 -0.65451 0.2406 0.79608 0.79195 -0.33801 0.7897 0.23866 -0.6484 0.26684 0.78783 0.23866 0.78559 -0.64439 0.78299 0.78783 0.78559 0.78334 -0.37748 -0.64826 -0.36962 0.35561 0.26425 -0.63353 -0.3135 -0.63353 -0.35524 -0.36654 -0.33575 -0.61511 -0.36445 -0.29519 -0.61511 0.34346 0.59339 0.013896 -0.13734 0.36235 -0.32232 0.3704 0.36716 0.36716 0.56861 -0.32232 -0.13734 0.34483 0.34169 -0.32232 -0.32232 0.65456 -0.32232 -0.32232 -0.067374 -0.11146 -0.32232 -0.34955 -0.31892 -0.067374 -0.31892 0.14103 0.65456 -0.067374 -0.32232 0.54692 0.25182 0.34658 0.57125 0.3302 0.01349 -0.11945 0.21615 -0.11945 -0.28852 -0.28852 0.20074 -0.28852 0.016205
0.99397 0.99397 0.2814 -0.12864 0.99397 1 -0.56512 -0.13506 -0.13506 -0.46553 -0.35503 -0.14713 0.24511 0.24511 0.24702 -0.12864 0.28138 -0.12864 0.27092 -0.37106 -0.12864 0.27613 0.23916 0.52144 -0.66413 0.81261 -0.66619 0.28857 -0.65256 0.2411 0.79435 0.79023 -0.33096 0.78798 0.23916 -0.64646 0.26624 0.78611 0.23916 0.78386 -0.64245 0.78125 0.78611 0.78386 0.78162 -0.3748 -0.64633 -0.37049 0.35488 0.26367 -0.63164 -0.30652 -0.63164 -0.35261 -0.3674 -0.33317 -0.61325 -0.36532 -0.2883 -0.61325 0.34277 0.59205 0.023772 -0.13764 0.36335 -0.32323 0.37139 0.36815 0.36815 0.57019 -0.32323 -0.13764 0.34585 0.34271 -0.32323 -0.32323 0.65288 -0.32323 -0.32323 -0.057624 -0.1024 -0.32323 -0.35533 -0.31984 -0.057624 -0.31984 0.14074 0.65288 -0.057624 -0.32323 0.54853 0.25267 0.34754 0.57296 0.33118 0.018652 -0.12129 0.21558 -0.12129 -0.28543 -0.28543 0.19982 -0.28543 0.015432
-0.56398 -0.56398 0.19491 -0.089105 -0.56398 -0.56512 1 -0.093549 -0.093549 0.91185 0.81302 -0.10191 0.15228 0.15228 0.15372 -0.089105 0.18441 -0.089105 0.18189 -0.28154 -0.089105 0.18062 0.15372 -0.30057 0.52606 -0.45738 0.52719 -0.16308 0.50404 0.15514 -0.43379 -0.43379 0.7514 -0.42574 0.14503 0.48956 -0.13323 -0.42467 0.14503 -0.42118 0.48512 -0.42439 -0.42467 -0.42574 -0.4268 0.72806 0.48726 -0.27313 -0.20438 -0.13165 0.47473 0.723 0.47473 0.70852 -0.2768 0.69554 0.46684 -0.27885 0.70723 0.46684 -0.19371 -0.31325 0.18643 -0.008145 -0.40909 -0.25194 -0.41124 -0.40909 -0.40909 -0.14278 -0.25194 0.23808 -0.39431 -0.39224 -0.25194 -0.25194 -0.35082 -0.25194 -0.25194 0.27601 0.26094 -0.25194 -0.23836 -0.25302 0.27601 -0.25302 -0.079536 -0.35082 0.27601 -0.25194 -0.13105 -0.50249 -0.43247 -0.13832 -0.4266 0.092938 -0.10927 -0.13165 -0.10927 0.036016 0.036016 -0.19471 0.036016 0.095096
-0.13479 -0.13479 -0.47996 0.9525 -0.13479 -0.13506 -0.093549 1 1 -0.088023 -0.096444 -0.024355 0.040576 0.040576 0.040891 0.9525 -0.44503 0.9525 -0.45044 -0.070037 0.9525 -0.45321 0.014179 -0.074484 0.1058 -0.11478 0.10608 -0.038974 0.10801 0.014667 -0.10273 -0.10273 -0.10779 -0.10299 0.014179 0.10773 -0.040259 -0.11674 -0.012533 -0.11699 0.10773 -0.10375 -0.11674 -0.11699 -0.10324 0.16665 0.13452 -0.053163 -0.048845 -0.039941 0.13157 -0.1097 0.13157 0.1631 -0.052617 0.16002 0.12972 -0.035581 -0.097694 0.12972 -0.046295 -0.091482 -0.04816 0.77421 0.06369 -0.073553 0.063434 0.06369 0.06369 0.11281 -0.073553 -0.024832 0.065474 0.065728 -0.073553 -0.073553 -0.087418 -0.073553 -0.073553 -0.031477 0.23286 -0.073553 0.19504 -0.073786 -0.031477 -0.073786 -0.019009 -0.087418 -0.031477 -0.073553 0.11519 0.067427 0.060338 -0.095318 0.061634 -0.03766 0.078561 -0.039941 0.078561 -0.098397 -0.098397 0.21279 -0.098397 -0.03734
-0.13479 -0.13479 -0.47996 0.9525 -0.13479 -0.13506 -0.093549 1 1 -0.088023 -0.096444 -0.024355 0.040576 0.040576 0.040891 0.9525 -0.44503 0.9525 -0.45044 -0.070037 0.9525 -0.45321 0.014179 -0.074484 0.1058 -0.11478 0.10608 -0.038974 0.10801 0.014667 -0.10273 -0.10273 -0.10779 -0.10299 0.014179 0.10773 -0.040259 -0.11674 -0.012533 -0.11699 0.10773 -0.10375 -0.11674 -0.11699 -0.10324 0.16665 0.13452 -0.053163 -0.048845 -0.039941 0.13157 -0.1097 0.13157 0.1631 -0.052617 0.16002 0.12972 -0.035581 -0.097694 0.12972 -0.046295 -0.091482 -0.04816 0.77421 0.06369 -0.073553 0.063434 0.06369 0.06369 0.11281 -0.073553 -0.024832 0.065474 0.065728 -0.073553 -0.073553 -0.087418 -0.073553 -0.073553 -0.031477 0.23286 -0.073553 0.19504 -0.073786 -0.031477 -0.073786 -0.019009 -0.087418 -0.031477 -0.073553 0.11519 0.067427 0.060338 -0.095318 0.061634 -0.03766 0.078561 -0.039941 0.078561 -0.098397 -0.098397 0.21279 -0.098397 -0.03734
-0.47283 -0.47283 0.19875 -0.082454 -0.47283 -0.46553 0.91185 -0.088023 -0.088023 1 0.87809 -0.11176 0.1609 0.1609 0.16251 -0.082454 0.18956 -0.082454 0.18666 -0.30473 -0.082454 0.1852 0.16251 -0.32576 0.57247 -0.50022 0.57371 -0.17884 0.55247 0.16411 -0.47859 -0.47859 0.82154 -0.47097 0.15414 0.53836 -0.15079 -0.46981 0.15414 -0.46658 0.53407 -0.47009 -0.46981 -0.47097 -0.47214 0.79676 0.53584 -0.29706 -0.22413 -0.14909 0.52209 0.79226 0.52209 0.77594 -0.30032 0.76171 0.51344 -0.30257 0.77497 0.51344 -0.21243 -0.34798 0.33218 -0.0084665 -0.36007 -0.26757 -0.36228 -0.36007 -0.36007 -0.088865 -0.26757 0.21567 -0.34482 -0.34268 -0.26757 -0.26757 -0.38912 -0.26757 -0.26757 0.40428 0.37606 -0.26757 -0.25946 -0.26877 0.40428 -0.26877 -0.087225 -0.38912 0.40428 -0.26757 -0.0762 -0.45254 -0.38449 -0.083023 -0.3781 0.2347 -0.1572 -0.14909 -0.1572 0.007869 0.007869 -0.22394 0.007869 0.23115
-0.36199 -0.36199 0.22324 -0.1054 -0.36199 -0.35503 0.81302 -0.096444 -0.096444 0.87809 1 -0.12054 0.20083 0.20083 0.20239 -0.1054 0.2362 -0.1054 0.23339 -0.33041 -0.1054 0.23198 0.20239 -0.36865 0.64657 -0.55949 0.6479 -0.1929 0.62803 0.19582 -0.53925 -0.53925 0.93023 -0.53192 0.18605 0.61414 -0.17442 -0.53068 0.18605 -0.52764 0.60996 -0.53139 -0.52639 -0.52764 -0.52889 0.89092 0.61144 -0.31788 -0.24175 -0.17267 0.5967 0.89979 0.5967 0.86876 -0.32081 0.85329 0.58743 -0.32325 0.88088 0.58743 -0.22913 -0.39674 0.49428 -0.032861 -0.31845 -0.29581 -0.32574 -0.32345 -0.32345 -0.035291 -0.29581 0.19867 -0.3077 -0.30549 -0.29581 -0.29581 -0.39986 -0.29581 -0.29581 0.49526 0.45704 -0.29581 -0.29139 -0.2971 0.49526 -0.2971 -0.094083 -0.39986 0.49526 -0.29581 -0.021802 -0.43736 -0.35402 -0.024731 -0.34711 0.33135 -0.16927 -0.17267 -0.16927 0.010962 0.010962 -0.24366 0.010962 0.32842
-0.14683 -0.14683 -0.52283 -0.023198 -0.14683 -0.14713 -0.10191 -0.024355 -0.024355 -0.11176 -0.12054 1 -0.60023 -0.60023 -0.59561 -0.023198 -0.51035 -0.023198 -0.51649 -0.076293 -0.023198 -0.51964 -0.59561 -0.081137 -0.18288 -0.12503 -0.18252 -0.042456 -0.17996 -0.59109 -0.12717 -0.12717 -0.11742 -0.12744 -0.57099 -0.16773 -0.043856 -0.12717 -0.57099 -0.12744 -0.16773 -0.12825 -0.12717 -0.12744 -0.12771 -0.11206 -0.16845 -0.077063 -0.053208 -0.043509 -0.17248 -0.10636 -0.17248 -0.11453 -0.07655 -0.11675 -0.1751 -0.077063 -0.1088 -0.1751 -0.050431 -0.099654 -0.055531 -0.02705 -0.28928 -0.080123 -0.29013 -0.28928 -0.28928 -0.17969 -0.080123 -0.02705 -0.28345 -0.28264 -0.080123 -0.080123 -0.12583 -0.080123 -0.080123 -0.057032 -0.065158 -0.080123 -0.088176 -0.080377 -0.057032 -0.080377 -0.020707 -0.12583 -0.057032 -0.080123 -0.17623 0.056733 -0.30078 -0.16559 -0.28099 -0.044409 -0.15192 -0.043509 -0.15192 -0.10719 -0.10719 -0.071098 -0.10719 -0.044071
0.24462 0.24462 0.82951 0.038648 0.24462 0.24511 0.15228 0.040576 0.040576 0.1609 0.20083 -0.60023 1 1 0.9923 0.038648 0.85025 0.038648 0.84678 0.12711 0.038648 0.85195 0.97684 0.13518 0.29677 0.20831 0.29616 0.070733 0.29192 0.96941 0.21187 0.20377 0.19562 0.21232 0.94593 0.27671 0.073065 0.20377 0.93047 0.20422 0.27671 0.20558 0.20377 0.20422 0.20467 0.19202 0.27791 0.11822 0.088646 0.072487 0.28461 0.18259 0.28461 0.19611 0.11732 0.19978 0.28897 0.11822 0.18662 0.28897 0.084018 0.15719 0.11004 0.045066 0.36523 0.12356 0.36647 0.36523 0.36523 0.20889 0.12356 0.045066 0.35679 0.35561 0.12356 0.12356 0.10396 0.12356 0.12356 0.11233 0.12488 0.12356 0.13751 0.124 0.11233 0.124 0.034498 0.10396 0.11233 0.12356 0.20338 -0.10138 0.2466 0.17837 0.23164 -0.023546 0.1979 0.025166 0.1979 0.12719 0.12719 0.10772 0.12719 -0.024427
0.24462 0.24462 0.82951 0.038648 0.24462 0.24511 0.15228 0.040576 0.040576 0.1609 0.20083 -0.60023 1 1 0.9923 0.038648 0.85025 0.038648 0.84678 0.12711 0.038648 0.85195 0.97684 0.13518 0.29677 0.20831 0.29616 0.070733 0.29192 0.96941 0.21187 0.20377 0.19562 0.21232 0.94593 0.27671 0.073065 0.20377 0.93047 0.20422 0.27671 0.20558 0.20377 0.20422 0.20467 0.19202 0.27791 0.11822 0.088646 0.072487 0.28461 0.18259 0.28461 0.19611 0.11732 0.19978 0.28897 0.11822 0.18662 0.28897 0.084018 0.15719 0.11004 0.045066 0.36523 0.12356 0.36647 0.36523 0.36523 0.20889 0.12356 0.045066 0.35679 0.35561 0.12356 0.12356 0.10396 0.12356 0.12356 0.11233 0.12488 0.12356 0.13751 0.124 0.11233 0.124 0.034498 0.10396 0.11233 0.12356 0.20338 -0.10138 0.2466 0.17837 0.23164 -0.023546 0.1979 0.025166 0.1979 0.12719 0.12719 0.10772 0.12719 -0.024427
0.24652 0.24652 0.83654 0.038948 0.24652 0.24702 0.15372 0.040891 0.040891 0.16251 0.20239 -0.59561 0.9923 0.9923 1 0.038948 0.85685 0.038948 0.83992 0.12809 0.038948 0.84507 0.96929 0.13623 0.29919 0.20992 0.29857 0.071281 0.2943 0.97715 0.21352 0.20546 0.19713 0.21397 0.95394 0.2792 0.073632 0.20546 0.93858 0.20592 0.2792 0.20729 0.20546 0.20592 0.20637 0.19375 0.27255 0.10917 0.089334 0.073049 0.27928 0.18425 0.27928 0.19787 0.10823 0.20156 0.28366 0.10917 0.1883 0.28366 0.08467 0.15854 0.11104 0.045415 0.37011 0.12466 0.37135 0.37011 0.37011 0.21212 0.12466 0.045415 0.36158 0.36038 0.12466 0.12466 0.10629 0.12466 0.12466 0.11336 0.12599 0.12466 0.13871 0.1251 0.11336 0.1251 0.034766 0.10629 0.11336 0.12466 0.20656 -0.10247 0.25255 0.18146 0.23757 -0.021878 0.1924 0.026042 0.1924 0.12041 0.12041 0.10871 0.12041 -0.02276
-0.12839 -0.12839 -0.45716 1 -0.12839 -0.12864 -0.089105 0.9525 0.9525 -0.082454 -0.1054 -0.023198 0.038648 0.038648 0.038948 1 -0.44624 1 -0.45161 -0.06671 1 -0.45436 0.038948 -0.070945 0.12685 -0.10933 0.1271 -0.037123 0.1289 0.039246 -0.1112 -0.1112 -0.10267 -0.11143 0.038948 0.12864 -0.038347 -0.1112 0.038948 -0.11143 0.12864 -0.11214 -0.1112 -0.11143 -0.11167 0.18553 0.12813 -0.067383 -0.046524 -0.038044 0.12532 -0.10449 0.12532 0.18203 -0.066934 0.17899 0.12356 -0.067383 -0.091703 0.12356 -0.044096 -0.087136 -0.044128 0.81354 0.076225 -0.070059 0.076006 0.076225 0.076225 0.12057 -0.070059 -0.023652 0.077756 0.077974 -0.070059 -0.070059 -0.080589 -0.070059 -0.070059 -0.026534 0.25105 -0.070059 0.19505 -0.070281 -0.026534 -0.070281 -0.018106 -0.080589 -0.026534 -0.070059 0.12281 0.064224 0.073373 -0.09859 0.074471 -0.033948 0.081318 -0.038044 0.081318 -0.093723 -0.093723 0.22917 -0.093723 -0.033637
0.2808 0.2808 0.96404 -0.44624 0.2808 0.28138 0.18441 -0.44503 -0.44503 0.18956 0.2362 -0.51035 0.85025 0.85025 0.85685 -0.44624 1 -0.44624 0.97614 0.14949 -0.44624 0.9701 0.84336 0.15898 0.19943 0.245 0.20565 0.08319 0.20088 0.83661 0.23504 0.23504 0.22283 0.23557 0.81639 0.18776 0.085933 0.24211 0.81639 0.24264 0.18086 0.23012 0.24211 0.24264 0.23611 0.081581 0.16841 0.13325 0.10426 0.085253 0.17588 0.21256 0.17588 0.087076 0.13217 0.091946 0.1807 0.11549 0.21015 0.1807 0.098816 0.18756 0.11414 -0.35046 0.29937 0.14833 0.29235 0.29112 0.29937 0.13342 0.14833 0.053003 0.28269 0.28965 0.14833 0.14833 0.14016 0.14833 0.14833 0.10789 -0.013813 0.14833 0.025227 0.1402 0.10789 0.1402 0.040574 0.14016 0.10789 0.14833 0.12727 -0.12561 0.19804 0.21129 0.18413 -0.019269 0.13943 0.043961 0.13943 0.15771 0.15771 -0.010449 0.15771 -0.020278
-0.12839 -0.12839 -0.45716 1 -0.12839 -0.12864 -0.089105 0.9525 0.9525 -0.082454 -0.1054 -0.023198 0.038648 0.038648 0.038948 1 -0.44624 1 -0.45161 -0.06671 1 -0.45436 0.038948 -0.070945 0.12685 -0.10933 0.1271 -0.037123 0.1289 0.039246 -0.1112 -0.1112 -0.10267 -0.11143 0.038948 0.12864 -0.038347 -0.1112 0.038948 -0.11143 0.12864 -0.11214 -0.1112 -0.11143 -0.11167 0.18553 0.12813 -0.067383 -0.046524 -0.038044 0.12532 -0.10449 0.12532 0.18203 -0.066934 0.17899 0.12356 -0.067383 -0.091703 0.12356 -0.044096 -0.087136 -0.044128 0.81354 0.076225 -0.070059 0.076006 0.076225 0.076225 0.12057 -0.070059 -0.023652 0.077756 0.077974 -0.070059 -0.070059 -0.080589 -0.070059 -0.070059 -0.026534 0.25105 -0.070059 0.19505 -0.070281 -0.026534 -0.070281 -0.018106 -0.080589 -0.026534 -0.070059 0.12281 0.064224 0.073373 -0.09859 0.074471 -0.033948 0.081318 -0.038044 0.081318 -0.093723 -0.093723 0.22917 -0.093723 -0.033637
0.27035 0.27035 0.95126 -0.45161 0.27035 0.27092 0.18189 -0.45044 -0.45044 0.18666 0.23339 -0.51649 0.84678 0.84678 0.83992 -0.45161 0.97614 -0.45161 1 0.14771 -0.45161 0.99395 0.86716 0.15709 0.20756 0.24208 0.21386 0.082201 0.20913 0.84674 0.23194 0.23194 0.22733 0.23246 0.8263 0.19586 0.084911 0.23908 0.8263 0.2396 0.1889 0.22692 0.23908 0.2396 0.23299 0.084236 0.18327 0.1492 0.10302 0.084239 0.19069 0.21683 0.19069 0.08965 0.14821 0.094447 0.19549 0.13128 0.21426 0.19549 0.097641 0.18516 0.12152 -0.35505 0.30602 0.15513 0.29892 0.29769 0.30602 0.13358 0.15513 0.052372 0.28925 0.29629 0.15513 0.15513 0.13618 0.15513 0.15513 0.11503 -0.008691 0.15513 0.03 0.14689 0.11503 0.14689 0.040092 0.13618 0.11503 0.15513 0.12749 -0.12371 0.20356 0.21274 0.18957 -0.011843 0.14128 0.042541 0.14128 0.16225 0.16225 -0.013577 0.16225 -0.012816
-0.3702 -0.3702 0.14592 -0.06671 -0.3702 -0.37106 -0.28154 -0.070037 -0.070037 -0.30473 -0.33041 -0.076293 0.12711 0.12711 0.12809 -0.06671 0.14949 -0.06671 0.14771 1 -0.06671 0.14682 0.12809 -0.23332 0.41717 -0.35955 0.41801 -0.12209 0.42393 0.12907 -0.36571 -0.36571 -0.32128 -0.36648 0.12809 0.42308 -0.12611 -0.36571 0.12809 -0.36648 0.42308 -0.36348 -0.36571 -0.36648 -0.36725 -0.34348 0.41618 0.96993 -0.15301 -0.12512 0.41215 -0.32736 0.41215 -0.35048 0.96975 -0.35676 0.40112 0.96323 -0.33423 0.40112 -0.14502 -0.28657 -0.18731 -0.077786 0.23203 0.89993 0.23128 0.23203 0.23203 -0.52703 0.89993 -0.077786 0.23726 0.23801 0.89993 0.89993 -0.35651 0.89993 0.89993 -0.1913 -0.20661 0.89993 0.82197 0.89702 -0.1913 0.89702 -0.059546 -0.35651 -0.1913 0.89993 -0.51705 0.1836 0.20953 -0.47598 0.21341 -0.15817 0.41919 -0.083601 0.41919 0.49763 0.49763 -0.049175 0.49763 -0.1573
-0.12839 -0.12839 -0.45716 1 -0.12839 -0.12864 -0.089105 0.9525 0.9525 -0.082454 -0.1054 -0.023198 0.038648 0.038648 0.038948 1 -0.44624 1 -0.45161 -0.06671 1 -0.45436 0.038948 -0.070945 0.12685 -0.10933 0.1271 -0.037123 0.1289 0.039246 -0.1112 -0.1112 -0.10267 -0.11143 0.038948 0.12864 -0.038347 -0.1112 0.038948 -0.11143 0.12864 -0.11214 -0.1112 -0.11143 -0.11167 0.18553 0.12813 -0.067383 -0.046524 -0.038044 0.12532 -0.10449 0.12532 0.18203 -0.066934 0.17899 0.12356 -0.067383 -0.091703 0.12356 -0.044096 -0.087136 -0.044128 0.81354 0.076225 -0.070059 0.076006 0.076225 0.076225 0.12057 -0.070059 -0.023652 0.077756 0.077974 -0.070059 -0.070059 -0.080589 -0.070059 -0.070059 -0.026534 0.25105 -0.070059 0.19505 -0.070281 -0.026534 -0.070281 -0.018106 -0.080589 -0.026534 -0.070059 0.12281 0.064224 0.073373 -0.09859 0.074471 -0.033948 0.081318 -0.038044 0.081318 -0.093723 -0.093723 0.22917 -0.093723 -0.033637
0.27556 0.27556 0.95709 -0.45436 0.27556 0.27613 0.18062 -0.45321 -0.45321 0.1852 0.23198 -0.51964 0.85195 0.85195 0.84507 -0.45436 0.9701 -0.45436 0.99395 0.14682 -0.45436 1 0.87244 0.15614 0.2117 0.24062 0.21102 0.081703 0.20632 0.85193 0.23755 0.23037 0.22596 0.23808 0.83138 0.19299 0.084397 0.23755 0.83138 0.23808 0.19299 0.23248 0.23755 0.23808 0.23142 0.081983 0.18731 0.1483 0.10239 0.083729 0.19471 0.21536 0.19471 0.087372 0.14731 0.092147 0.19949 0.13929 0.21272 0.19949 0.09705 0.18395 0.12058 -0.3574 0.30104 0.15419 0.30227 0.30104 0.30104 0.13013 0.15419 0.052055 0.29259 0.29141 0.15419 0.15419 0.13417 0.15419 0.15419 0.11403 -0.010464 0.15419 0.036584 0.15468 0.11403 0.15468 0.039849 0.13417 0.11403 0.15419 0.12409 -0.12276 0.19781 0.20999 0.18385 -0.002901 0.13874 0.041823 0.13874 0.16077 0.16077 -0.015165 0.16077 -0.0038393
0.23866 0.23866 0.82278 0.038948 0.23866 0.23916 0.15372 0.014179 0.014179 0.16251 0.20239 -0.59561 0.97684 0.97684 0.96929 0.038948 0.84336 0.038948 0.86716 0.12809 0.038948 0.87244 1 0.13623 0.30705 0.20992 0.30643 0.071281 0.30215 0.97715 0.20546 0.19741 0.19713 0.20592 0.95394 0.28705 0.073632 0.20546 0.95394 0.20592 0.28705 0.19925 0.20546 0.20592 0.19833 0.19375 0.28041 0.12939 0.089334 0.073049 0.28716 0.18425 0.28716 0.19787 0.12852 0.20156 0.29155 0.11928 0.1883 0.29155 0.08467 0.15854 0.11104 0.045415 0.3795 0.13452 0.38076 0.3795 0.3795 0.21212 0.13452 0.045415 0.37086 0.36966 0.13452 0.13452 0.10629 0.13452 0.13452 0.11336 0.12599 0.13452 0.14804 0.13495 0.11336 0.13495 0.034766 0.10629 0.11336 0.13452 0.20656 -0.10247 0.26214 0.18146 0.24708 -0.021878 0.20023 0.026042 0.20023 0.12892 0.12892 0.10871 0.12892 -0.02276
0.52254 0.52254 0.15519 -0.070945 0.52254 0.52144 -0.30057 -0.074484 -0.074484 -0.32576 -0.36865 -0.081137 0.13518 0.13518 0.13623 -0.070945 0.15898 -0.070945 0.15709 -0.23332 -0.070945 0.15614 0.13623 1 -0.55931 0.64893 -0.55818 -0.12984 -0.55038 0.13727 0.63801 0.63801 -0.35909 0.63153 0.13623 -0.54648 -0.13412 0.63287 0.13623 0.63153 -0.54648 0.62752 0.62774 0.6264 0.62506 -0.37723 -0.54369 -0.22924 -0.16272 -0.13306 -0.55607 -0.36545 -0.55607 -0.38462 -0.22764 -0.39125 -0.56413 -0.22924 -0.37267 -0.56413 -0.15423 0.79741 -0.22144 -0.082725 0.25463 -0.21988 0.25385 0.24864 0.25463 0.39142 -0.21988 -0.067314 0.26011 0.2609 -0.21988 -0.21988 0.60876 -0.21988 -0.21988 -0.22543 -0.24736 -0.21988 -0.23992 -0.22071 -0.22543 -0.22071 0.19548 0.60876 -0.22543 -0.21988 0.39427 0.21134 0.23216 0.38038 0.23621 -0.18534 0.15459 -0.13306 0.15459 -0.17594 -0.17594 0.42792 -0.17594 -0.18447
-0.66605 -0.66605 0.20179 0.12685 -0.66605 -0.66413 0.52606 0.1058 0.1058 0.57247 0.64657 -0.18288 0.29677 0.29677 0.29919 0.12685 0.19943 0.12685 0.20756 0.41717 0.12685 0.2117 0.30705 -0.55931 1 -0.86189 0.99799 -0.29266 0.98404 0.3094 -0.84364 -0.84776 0.64202 -0.83726 0.29919 0.96992 -0.29434 -0.83951 0.29919 -0.83726 0.96992 -0.83466 -0.83538 -0.83313 -0.83501 0.6671 0.95779 0.40585 -0.36 -0.29189 0.94357 0.60724 0.94357 0.64324 0.40297 0.6224 0.92554 0.40067 0.58703 0.92554 -0.34763 -0.64199 0.33122 0.13552 -0.12549 0.37747 -0.12838 -0.12549 -0.1303 -0.41309 0.37747 0.13552 -0.10555 -0.1075 0.37747 0.37747 -0.69366 0.37747 0.37747 0.32845 0.35686 0.37747 0.40087 0.37898 0.32845 0.37898 -0.14274 -0.69366 0.32845 0.37747 -0.3916 -0.27879 -0.17862 -0.42438 -0.16838 0.20783 0.17662 -0.25978 0.17662 0.36817 0.36817 -0.21716 0.36817 0.20587
0.81431 0.81431 0.23915 -0.10933 0.81431 0.81261 -0.45738 -0.11478 -0.11478 -0.50022 -0.55949 -0.12503 0.20831 0.20831 0.20992 -0.10933 0.245 -0.10933 0.24208 -0.35955 -0.10933 0.24062 0.20992 0.64893 -0.86189 1 -0.86016 0.33956 -0.84814 0.21153 0.97893 0.97893 -0.55335 0.97262 0.20992 -0.84157 0.34255 0.97469 0.20992 0.97262 -0.84157 0.96645 0.97045 0.96838 0.96632 -0.58074 -0.84085 -0.35786 0.41858 0.33972 -0.8226 -0.52433 -0.8226 -0.55396 -0.35542 -0.53054 -0.80169 -0.35786 -0.50134 -0.80169 0.40334 0.74616 -0.28026 -0.11475 0.33169 -0.31525 0.33534 0.33169 0.33664 0.5372 -0.31525 -0.11475 0.30655 0.3079 -0.31525 -0.31525 0.77244 -0.31525 -0.31525 -0.27616 -0.29853 -0.31525 -0.33691 -0.31657 -0.27616 -0.31657 0.16561 0.77244 -0.27616 -0.31525 0.5121 0.23083 0.3247 0.53234 0.30616 -0.22364 -0.080551 0.28195 -0.080551 -0.31244 -0.31244 0.28237 -0.31244 -0.22209
-0.66811 -0.66811 0.20112 0.1271 -0.66811 -0.66619 0.52719 0.10608 0.10608 0.57371 0.6479 -0.18252 0.29616 0.29616 0.29857 0.1271 0.20565 0.1271 0.21386 0.41801 0.1271 0.21102 0.30643 -0.55818 0.99799 -0.86016 1 -0.29207 0.98602 0.30878 -0.84601 -0.84601 0.64331 -0.83962 0.29857 0.97191 -0.29373 -0.83776 0.29857 -0.8355 0.96789 -0.837 -0.83363 -0.83138 -0.83325 0.66849 0.95576 0.4067 -0.35926 -0.29129 0.9416 0.60857 0.9416 0.64465 0.40382 0.62385 0.92359 0.39635 0.58839 0.92359 -0.34693 -0.64061 0.33204 0.13582 -0.12172 0.37837 -0.12942 -0.12653 -0.12653 -0.41063 0.37837 0.13582 -0.10662 -0.10382 0.37837 0.37837 -0.69196 0.37837 0.37837 0.32928 0.35777 0.37837 0.39709 0.37483 0.32928 0.37483 -0.14245 -0.69196 0.32928 0.37837 -0.38919 -0.27962 -0.1747 -0.42209 -0.16452 0.20261 0.17845 -0.25919 0.17845 0.3694 0.3694 -0.21624 0.3694 0.20063
0.28915 0.28915 0.081204 -0.037123 0.28915 0.28857 -0.16308 -0.038974 -0.038974 -0.17884 -0.1929 -0.042456 0.070733 0.070733 0.071281 -0.037123 0.08319 -0.037123 0.082201 -0.12209 -0.037123 0.081703 0.071281 -0.12984 -0.29266 0.33956 -0.29207 1 -0.28799 0.071827 0.33384 0.33384 -0.18789 0.33314 0.071281 -0.28857 -0.070181 0.33384 0.071281 0.33314 -0.28857 0.33104 0.33384 0.33314 0.33244 -0.20009 -0.28973 -0.12332 0.67374 -0.069626 -0.22232 -0.11437 -0.22232 -0.12841 -0.1225 -0.065294 -0.16058 -0.12332 -0.050658 -0.16058 0.59681 -0.15947 -0.017123 -0.043287 0.1395 -0.12822 0.1391 0.1395 0.1395 0.22067 -0.12822 -0.043287 0.064838 0.065355 -0.12822 -0.12822 0.17745 -0.12822 -0.12822 -0.020371 -0.016972 -0.12822 -0.12165 -0.12862 -0.020371 -0.12862 0.064526 0.17745 -0.020371 -0.12822 0.15887 0.030595 0.12428 0.21376 0.12638 -0.0040419 -0.14512 0.077387 -0.14512 -0.16266 -0.16266 0.0084139 -0.16266 -0.0032827
-0.65451 -0.65451 0.19646 0.1289 -0.65451 -0.65256 0.50404 0.10801 0.10801 0.55247 0.62803 -0.17996 0.29192 0.29192 0.2943 0.1289 0.20088 0.1289 0.20913 0.42393 0.1289 0.20632 0.30215 -0.55038 0.98404 -0.84814 0.98602 -0.28799 1 0.30446 -0.86265 -0.86265 0.65243 -0.85624 0.2943 0.98594 -0.28953 -0.85441 0.2943 -0.85213 0.98193 -0.85351 -0.8503 -0.84801 -0.84984 0.67822 0.96988 0.41271 -0.35416 -0.28712 0.95608 0.61792 0.95608 0.65463 0.40979 0.63404 0.93833 0.40237 0.59797 0.93833 -0.34208 -0.66251 0.33776 0.13794 -0.12903 0.38468 -0.13669 -0.13383 -0.13383 -0.42186 0.38468 0.13794 -0.1141 -0.11132 0.38468 0.38468 -0.70903 0.38468 0.38468 0.33511 0.36418 0.38468 0.40406 0.38118 0.33511 0.38118 -0.14046 -0.70903 0.33511 0.38468 -0.40067 -0.28551 -0.18164 -0.43425 -0.17159 0.20772 0.19123 -0.25507 0.19123 0.37805 0.37805 -0.20981 0.37805 0.20572
0.2406 0.2406 0.82986 0.039246 0.2406 0.2411 0.15514 0.014667 0.014667 0.16411 0.19582 -0.59109 0.96941 0.96941 0.97715 0.039246 0.83661 0.039246 0.84674 0.12907 0.039246 0.85193 0.97715 0.13727 0.3094 0.21153 0.30878 0.071827 0.30446 1 0.21515 0.20715 0.19864 0.21561 0.97715 0.28947 0.074195 0.20715 0.96189 0.20761 0.28947 0.20899 0.20715 0.20761 0.20807 0.19546 0.27508 0.1103 0.090018 0.073609 0.28187 0.18589 0.28187 0.19961 0.10934 0.20333 0.28628 0.1103 0.18997 0.28628 0.085319 0.15988 0.11204 0.045763 0.37494 0.13555 0.3762 0.37494 0.37494 0.20744 0.13555 0.045763 0.36632 0.36512 0.13555 0.13555 0.1086 0.13555 0.13555 0.11437 0.1271 0.13555 0.13991 0.13598 0.11437 0.13598 0.035032 0.1086 0.11437 0.13555 0.20187 -0.10355 0.25843 0.17673 0.24344 -0.020233 0.18698 0.026909 0.18698 0.12218 0.12218 0.1097 0.12218 -0.021116
0.79608 0.79608 0.23602 -0.1112 0.79608 0.79435 -0.43379 -0.10273 -0.10273 -0.47859 -0.53925 -0.12717 0.21187 0.21187 0.21352 -0.1112 0.23504 -0.1112 0.23194 -0.36571 -0.1112 0.23755 0.20546 0.63801 -0.84364 0.97893 -0.84601 0.33384 -0.86265 0.21515 1 0.99578 -0.56282 0.99367 0.21352 -0.86027 0.33669 0.98733 0.20546 0.98522 -0.85615 0.98739 0.9831 0.981 0.98313 -0.5951 -0.85138 -0.3641 0.41145 0.3339 -0.83361 -0.53413 -0.83361 -0.56866 -0.36162 -0.54554 -0.81305 -0.3535 -0.51148 -0.81305 0.39655 0.76519 -0.28636 -0.12966 0.32921 -0.32198 0.33773 0.33413 0.33413 0.54049 -0.32198 -0.11698 0.30933 0.30584 -0.32198 -0.32198 0.78615 -0.32198 -0.32198 -0.2824 -0.31055 -0.32198 -0.34435 -0.31815 -0.2824 -0.31815 0.16282 0.78615 -0.2824 -0.32198 0.51577 0.23724 0.3217 0.54095 0.30346 -0.22294 -0.099608 0.27637 -0.099608 -0.3219 -0.3219 0.26842 -0.3219 -0.22136
0.79195 0.79195 0.22881 -0.1112 0.79195 0.79023 -0.43379 -0.10273 -0.10273 -0.47859 -0.53925 -0.12717 0.20377 0.20377 0.20546 -0.1112 0.23504 -0.1112 0.23194 -0.36571 -0.1112 0.23037 0.19741 0.63801 -0.84776 0.97893 -0.84601 0.33384 -0.86265 0.20715 0.99578 1 -0.56282 0.98945 0.21352 -0.85615 0.33669 0.98733 0.20546 0.98522 -0.85615 0.98317 0.9831 0.981 0.98313 -0.59086 -0.85138 -0.3641 0.41145 0.3339 -0.83361 -0.52984 -0.83361 -0.56444 -0.36162 -0.54133 -0.81305 -0.3588 -0.50721 -0.81305 0.39655 0.76519 -0.28636 -0.12966 0.32921 -0.32198 0.3328 0.32921 0.33413 0.54049 -0.32198 -0.11698 0.30445 0.30584 -0.32198 -0.32198 0.78615 -0.32198 -0.32198 -0.2824 -0.31055 -0.32198 -0.34925 -0.32332 -0.2824 -0.32332 0.16282 0.78615 -0.2824 -0.32198 0.51577 0.23178 0.3217 0.54095 0.30346 -0.22903 -0.0955 0.27637 -0.0955 -0.31744 -0.31744 0.26842 -0.31744 -0.22747
-0.33801 -0.33801 0.22457 -0.10267 -0.33801 -0.33096 0.7514 -0.10779 -0.10779 0.82154 0.93023 -0.11742 0.19562 0.19562 0.19713 -0.10267 0.22283 -0.10267 0.22733 -0.32128 -0.10267 0.22596 0.19713 -0.35909 0.64202 -0.55335 0.64331 -0.18789 0.65243 0.19864 -0.56282 -0.56282 1 -0.55538 0.19713 0.6427 -0.18574 -0.55418 0.19713 -0.55106 0.63849 -0.55466 -0.54986 -0.54674 -0.54794 0.92172 0.63166 -0.33021 -0.22838 -0.18415 0.62162 0.965 0.62162 0.90405 -0.33334 0.88875 0.61267 -0.33563 0.94608 0.61267 -0.22319 -0.42691 0.5433 -0.11971 -0.34958 -0.30169 -0.35691 -0.35462 -0.35462 -0.056863 -0.30169 0.21741 -0.33885 -0.33663 -0.30169 -0.30169 -0.41829 -0.30169 -0.30169 0.53293 0.45741 -0.30169 -0.33518 -0.30291 0.53293 -0.30291 -0.091642 -0.41829 0.53293 -0.30169 -0.04366 -0.47458 -0.38526 -0.018463 -0.37835 0.37487 -0.18919 -0.18415 -0.18919 0.023035 0.023035 -0.28036 0.023035 0.37198
0.7897 0.7897 0.23654 -0.11143 0.7897 0.78798 -0.42574 -0.10299 -0.10299 -0.47097 -0.53192 -0.12744 0.21232 0.21232 0.21397 -0.11143 0.23557 -0.11143 0.23246 -0.36648 -0.11143 0.23808 0.20592 0.63153 -0.83726 0.97262 -0.83962 0.33314 -0.85624 0.21561 0.99367 0.98945 -0.55538 1 0.21397 -0.86621 0.34412 0.99367 0.20592 0.99156 -0.8621 0.9937 0.98945 0.98734 0.98946 -0.59637 -0.85734 -0.37018 0.41057 0.3414 -0.83964 -0.53536 -0.83964 -0.56998 -0.36772 -0.54689 -0.81913 -0.35958 -0.51275 -0.81913 0.39571 0.77275 -0.28712 -0.12994 0.33014 -0.32799 0.33866 0.33506 0.33506 0.5461 -0.32799 -0.11726 0.31029 0.3068 -0.32799 -0.32799 0.79263 -0.32799 -0.32799 -0.28319 -0.31141 -0.32799 -0.35018 -0.32416 -0.28319 -0.32416 0.16248 0.79263 -0.28319 -0.32799 0.52142 0.23805 0.32259 0.54666 0.29938 -0.22362 -0.097361 0.27568 -0.097361 -0.32309 -0.32309 0.27298 -0.32309 -0.22203
0.23866 0.23866 0.80902 0.038948 0.23866 0.23916 0.14503 0.014179 0.014179 0.15414 0.18605 -0.57099 0.94593 0.94593 0.95394 0.038948 0.81639 0.038948 0.8263 0.12809 0.038948 0.83138 0.95394 0.13623 0.29919 0.20992 0.29857 0.071281 0.2943 0.97715 0.21352 0.21352 0.19713 0.21397 1 0.30276 0.073632 0.20546 0.98465 0.20592 0.30276 0.20729 0.20546 0.20592 0.20637 0.20992 0.28826 0.10917 0.089334 0.073049 0.29504 0.20063 0.29504 0.21397 0.10823 0.2176 0.29944 0.10917 0.20459 0.29944 0.08467 0.15854 0.12157 0.045415 0.3795 0.13452 0.38076 0.3795 0.3795 0.21212 0.13452 0.045415 0.37086 0.36966 0.13452 0.13452 0.10629 0.13452 0.13452 0.12376 0.1358 0.13452 0.13871 0.13495 0.12376 0.13495 0.034766 0.10629 0.12376 0.13452 0.20656 -0.11289 0.26214 0.18146 0.24708 -0.01027 0.18457 0.026042 0.18457 0.12041 0.12041 0.10871 0.12041 -0.011114
-0.6484 -0.6484 0.18305 0.12864 -0.6484 -0.64646 0.48956 0.10773 0.10773 0.53836 0.61414 -0.16773 0.27671 0.27671 0.2792 0.12864 0.18776 0.12864 0.19586 0.42308 0.12864 0.19299 0.28705 -0.54648 0.96992 -0.84157 0.97191 -0.28857 0.98594 0.28947 -0.86027 -0.85615 0.6427 -0.86621 0.30276 1 -0.29808 -0.86439 0.30276 -0.8621 0.99598 -0.86348 -0.86027 -0.85798 -0.85981 0.68924 0.98393 0.41702 -0.35488 -0.29573 0.97012 0.62496 0.97012 0.66555 0.41413 0.64489 0.95237 0.40668 0.60493 0.95237 -0.34277 -0.67285 0.34232 0.15 -0.12798 0.38882 -0.13565 -0.13279 -0.13279 -0.42431 0.38882 0.13764 -0.11303 -0.11025 0.38882 0.38882 -0.71897 0.38882 0.38882 0.3396 0.37329 0.38882 0.41261 0.3853 0.3396 0.3853 -0.14074 -0.71897 0.3396 0.38882 -0.40307 -0.29 -0.18065 -0.44053 -0.16571 0.21293 0.1894 -0.25565 0.1894 0.37682 0.37682 -0.21073 0.37682 0.21095
0.26684 0.26684 0.083881 -0.038347 0.26684 0.26624 -0.13323 -0.040259 -0.040259 -0.15079 -0.17442 -0.043856 0.073065 0.073065 0.073632 -0.038347 0.085933 -0.038347 0.084911 -0.12611 -0.038347 0.084397 0.073632 -0.13412 -0.29434 0.34255 -0.29373 -0.070181 -0.28953 0.074195 0.33669 0.33669 -0.18574 0.34412 0.073632 -0.29808 1 0.34485 0.073632 0.34412 -0.29808 0.34195 0.34485 0.34412 0.3434 -0.20668 -0.29928 -0.12739 -0.087954 0.99209 -0.30599 -0.19753 -0.30599 -0.21067 -0.12654 -0.21424 -0.31036 -0.12739 -0.20143 -0.31036 -0.083363 0.43119 -0.098358 -0.044714 0.12507 -0.072464 0.12462 0.12507 0.12507 0.16371 -0.072464 -0.044714 0.12817 0.12861 -0.072464 -0.072464 0.28305 -0.072464 -0.072464 -0.12185 -0.1337 -0.072464 -0.089011 -0.072999 -0.12185 -0.072999 -0.034229 0.28305 -0.12185 -0.072464 0.16811 0.12142 0.12899 0.18254 0.073289 -0.10418 -0.13999 0.72212 -0.13999 -0.065089 -0.065089 -0.10673 -0.065089 -0.10372
0.78783 0.78783 0.23602 -0.1112 0.78783 0.78611 -0.42467 -0.11674 -0.11674 -0.46981 -0.53068 -0.12717 0.20377 0.20377 0.20546 -0.1112 0.24211 -0.1112 0.23908 -0.36571 -0.1112 0.23755 0.20546 0.63287 -0.83951 0.97469 -0.83776 0.33384 -0.85441 0.20715 0.98733 0.98733 -0.55418 0.99367 0.20546 -0.86439 0.34485 1 0.21352 0.99789 -0.86439 0.9916 0.99578 0.99367 0.99157 -0.5951 -0.86375 -0.3694 0.41145 0.34212 -0.846 -0.53413 -0.846 -0.56866 -0.36694 -0.54554 -0.82547 -0.3694 -0.51148 -0.82547 0.39655 0.779 -0.28636 -0.12966 0.33906 -0.32715 0.34267 0.33906 0.34399 0.55295 -0.32715 -0.11698 0.3142 0.31557 -0.32715 -0.32715 0.79886 -0.32715 -0.32715 -0.2824 -0.31055 -0.32715 -0.35414 -0.32848 -0.2824 -0.32848 0.16282 0.79886 -0.2824 -0.32715 0.5282 0.23724 0.33177 0.55329 0.30845 -0.22903 -0.091391 0.27637 -0.091391 -0.3219 -0.3219 0.2796 -0.3219 -0.22747
0.23866 0.23866 0.80902 0.038948 0.23866 0.23916 0.14503 -0.012533 -0.012533 0.15414 0.18605 -0.57099 0.93047 0.93047 0.93858 0.038948 0.81639 0.038948 0.8263 0.12809 0.038948 0.83138 0.95394 0.13623 0.29919 0.20992 0.29857 0.071281 0.2943 0.96189 0.20546 0.20546 0.19713 0.20592 0.98465 0.30276 0.073632 0.21352 1 0.21397 0.30276 0.20729 0.21352 0.21397 0.20637 0.20992 0.28041 0.10917 0.089334 0.073049 0.28716 0.20063 0.28716 0.21397 0.10823 0.2176 0.29155 0.099068 0.20459 0.29155 0.08467 0.16731 0.12157 0.045415 0.38889 0.13452 0.39017 0.38889 0.38889 0.22004 0.13452 0.045415 0.38015 0.37893 0.13452 0.13452 0.11437 0.13452 0.13452 0.12376 0.1358 0.13452 0.13871 0.13495 0.12376 0.13495 0.034766 0.11437 0.12376 0.13452 0.21446 -0.11289 0.27174 0.18931 0.2566 -0.01027 0.1924 0.026042 0.1924 0.12041 0.12041 0.11937 0.12041 -0.011114
0.78559 0.78559 0.23654 -0.11143 0.78559 0.78386 -0.42118 -0.11699 -0.11699 -0.46658 -0.52764 -0.12744 0.20422 0.20422 0.20592 -0.11143 0.24264 -0.11143 0.2396 -0.36648 -0.11143 0.23808 0.20592 0.63153 -0.83726 0.97262 -0.8355 0.33314 -0.85213 0.20761 0.98522 0.98522 -0.55106 0.99156 0.20592 -0.8621 0.34412 0.99789 0.21397 1 -0.86621 0.9937 0.99789 0.99578 0.99367 -0.59637 -0.86558 -0.37018 0.41057 0.3414 -0.8479 -0.53536 -0.8479 -0.56998 -0.36772 -0.54689 -0.82741 -0.37018 -0.51275 -0.82741 0.39571 0.78195 -0.28712 -0.12994 0.33998 -0.32799 0.34359 0.33998 0.34491 0.5544 -0.32799 -0.11726 0.31516 0.31653 -0.32799 -0.32799 0.8011 -0.32799 -0.32799 -0.28319 -0.31141 -0.32799 -0.35507 -0.32932 -0.28319 -0.32932 0.16248 0.8011 -0.28319 -0.32799 0.5297 0.23805 0.33265 0.55489 0.30936 -0.22971 -0.089149 0.27568 -0.089149 -0.31863 -0.31863 0.27857 -0.31863 -0.22814
-0.64439 -0.64439 0.18305 0.12864 -0.64439 -0.64245 0.48512 0.10773 0.10773 0.53407 0.60996 -0.16773 0.27671 0.27671 0.2792 0.12864 0.18086 0.12864 0.1889 0.42308 0.12864 0.19299 0.28705 -0.54648 0.96992 -0.84157 0.96789 -0.28857 0.98193 0.28947 -0.85615 -0.85615 0.63849 -0.8621 0.30276 0.99598 -0.29808 -0.86439 0.30276 -0.86621 1 -0.86348 -0.86439 -0.8621 -0.86393 0.68924 0.98795 0.41702 -0.35488 -0.29573 0.97415 0.62496 0.97415 0.66555 0.41413 0.64489 0.95641 0.41185 0.60493 0.95641 -0.34277 -0.67734 0.34232 0.15 -0.13279 0.38882 -0.13565 -0.13279 -0.13759 -0.42836 0.38882 0.13764 -0.11303 -0.11499 0.38882 0.38882 -0.7231 0.38882 0.38882 0.3396 0.37329 0.38882 0.41738 0.39034 0.3396 0.39034 -0.14074 -0.7231 0.3396 0.38882 -0.40711 -0.29 -0.18556 -0.44455 -0.17058 0.21886 0.1854 -0.25565 0.1854 0.37246 0.37246 -0.21073 0.37246 0.2169
0.78299 0.78299 0.23089 -0.11214 0.78299 0.78125 -0.42439 -0.10375 -0.10375 -0.47009 -0.53139 -0.12825 0.20558 0.20558 0.20729 -0.11214 0.23012 -0.11214 0.22692 -0.36348 -0.11214 0.23248 0.19925 0.62752 -0.83466 0.96645 -0.837 0.33104 -0.85351 0.20899 0.98739 0.98317 -0.55466 0.9937 0.20729 -0.86348 0.34195 0.9916 0.20729 0.9937 -0.86348 1 0.9916 0.98948 0.99159 -0.60018 -0.85876 -0.36724 0.40795 0.33925 -0.84123 -0.53906 -0.84123 -0.57392 -0.36473 -0.55095 -0.82084 -0.35666 -0.51658 -0.82084 0.39322 0.77703 -0.28942 -0.13076 0.33293 -0.32536 0.34142 0.33784 0.33784 0.54633 -0.32536 -0.11811 0.31317 0.3097 -0.32536 -0.32536 0.79516 -0.32536 -0.32536 -0.28554 -0.31399 -0.32536 -0.34809 -0.32155 -0.28554 -0.32155 0.16146 0.79516 -0.28554 -0.32536 0.52179 0.24046 0.32527 0.54734 0.30214 -0.22566 -0.090637 0.27363 -0.090637 -0.31773 -0.31773 0.27547 -0.31773 -0.22406
0.78783 0.78783 0.23602 -0.1112 0.78783 0.78611 -0.42467 -0.11674 -0.11674 -0.46981 -0.52639 -0.12717 0.20377 0.20377 0.20546 -0.1112 0.24211 -0.1112 0.23908 -0.36571 -0.1112 0.23755 0.20546 0.62774 -0.83538 0.97045 -0.83363 0.33384 -0.8503 0.20715 0.9831 0.9831 -0.54986 0.98945 0.20546 -0.86027 0.34485 0.99578 0.21352 0.99789 -0.86439 0.9916 1 0.99789 0.99579 -0.59934 -0.86787 -0.3694 0.41145 0.34212 -0.85013 -0.53413 -0.85013 -0.57289 -0.36694 -0.54974 -0.82961 -0.3694 -0.51148 -0.82961 0.39655 0.78361 -0.28636 -0.12966 0.33906 -0.32715 0.34267 0.33906 0.34399 0.55295 -0.32715 -0.11698 0.3142 0.31557 -0.32715 -0.32715 0.80309 -0.32715 -0.32715 -0.2824 -0.31055 -0.32715 -0.35904 -0.32848 -0.2824 -0.32848 0.16282 0.80309 -0.2824 -0.32715 0.5282 0.23724 0.33177 0.55329 0.30845 -0.22903 -0.091391 0.27637 -0.091391 -0.31744 -0.31744 0.2796 -0.31744 -0.22747
0.78559 0.78559 0.23654 -0.11143 0.78559 0.78386 -0.42574 -0.11699 -0.11699 -0.47097 -0.52764 -0.12744 0.20422 0.20422 0.20592 -0.11143 0.24264 -0.11143 0.2396 -0.36648 -0.11143 0.23808 0.20592 0.6264 -0.83313 0.96838 -0.83138 0.33314 -0.84801 0.20761 0.981 0.981 -0.54674 0.98734 0.20592 -0.85798 0.34412 0.99367 0.21397 0.99578 -0.8621 0.98948 0.99789 1 0.99789 -0.60061 -0.8697 -0.37018 0.41751 0.3414 -0.8479 -0.53107 -0.8479 -0.56998 -0.36772 -0.54689 -0.82741 -0.37018 -0.50848 -0.82741 0.39571 0.78195 -0.28712 -0.12994 0.33506 -0.32799 0.33866 0.33506 0.33998 0.55025 -0.32799 -0.11726 0.31029 0.31166 -0.32799 -0.32799 0.8011 -0.32799 -0.32799 -0.28319 -0.31141 -0.32799 -0.35996 -0.32932 -0.28319 -0.32932 0.16248 0.8011 -0.28319 -0.32799 0.52556 0.23258 0.32762 0.55077 0.30437 -0.22971 -0.093255 0.27568 -0.093255 -0.31863 -0.31863 0.27857 -0.31863 -0.22814
0.78334 0.78334 0.22985 -0.11167 0.78334 0.78162 -0.4268 -0.10324 -0.10324 -0.47214 -0.52889 -0.12771 0.20467 0.20467 0.20637 -0.11167 0.23611 -0.11167 0.23299 -0.36725 -0.11167 0.23142 0.19833 0.62506 -0.83501 0.96632 -0.83325 0.33244 -0.84984 0.20807 0.98313 0.98313 -0.54794 0.98946 0.20637 -0.85981 0.3434 0.99157 0.20637 0.99367 -0.86393 0.99159 0.99579 0.99789 1 -0.60188 -0.86742 -0.37096 0.41663 0.34068 -0.84567 -0.5323 -0.84567 -0.57129 -0.36849 -0.54824 -0.82521 -0.36567 -0.50976 -0.82521 0.39488 0.7803 -0.28789 -0.13021 0.33107 -0.32884 0.33465 0.33107 0.33599 0.54756 -0.32884 -0.11754 0.30638 0.30777 -0.32884 -0.32884 0.79912 -0.32884 -0.32884 -0.28397 -0.31227 -0.32884 -0.36089 -0.33017 -0.28397 -0.33017 0.16214 0.79912 -0.28397 -0.32884 0.52292 0.23339 0.32348 0.54825 0.3003 -0.23038 -0.095117 0.275 -0.095117 -0.31981 -0.31981 0.27753 -0.31981 -0.22881
