1 1 -0.058863 -0.058863 -0.045431 -0.03272 0.98062 0.98062 0.96225 -0.024796 -0.060955 -0.059916 -0.04343 0.12258 0.011045 -0.022442 -0.13312 -0.11499 -0.026983 -0.11289 -0.11429 -0.024796 -0.11359 -0.022442 -0.022442 -0.11289 -0.11289 -0.064575 0.11516 0.11516 0.02179 0.1142 0.11516 0.11085 -0.060519 0.085968 -0.023386 0.063178 0.060305 0.031813 0.55932 0.062703 0.062703 -0.064575 0.051399 -0.064575 -0.064575 -0.037702 0.051399 0.050847 0.050847 -0.030918 -0.037849 -0.037239 -0.14074 -0.06198 -0.065024 0.18677 -0.036776 -0.021814 0.18103 0.17824 0.051399 -0.070388 0.55595 -0.14697 0.077781 0.28104 0.28414 -0.16818 0.057276 -0.14157 -0.1385 -0.1385 0.17456 0.057276 0.27209 0.10187 -0.028048 0.060348 0.061353 -0.13811 0.058309 0.060851 0.059842 0.068322 0.18103 0.18103 -0.14621 0.174 -0.028048 0.17306 -0.13696 0.050521 -0.13504 -0.13504 -0.028048 -0.14337 0.053161 0.17541 0.053161 0.19592 -0.13543 -0.13543 -0.13504 -0.028786 -0.14296 0.077931 -0.13504 -0.015779 -0.0050329 -0.028048 0.20001 -0.028786 0.052638 0.052638 -0.028786 0.1919 -0.028786 -0.028786 -0.06198 -0.028786 -0.044106 -0.062994 -0.028786 0.19643 -0.028786 0.052638 -0.062994 -0.029517 -0.028786 -0.028786 -0.028786 0.1611 -0.062994 -0.086378 -0.062994 -0.030239 -0.024796 -0.030239 -0.086378 -0.11563 -0.10838 -0.062994 -0.028786 -0.15279 -0.017568 -0.03272 0.048364 -0.017568 0.0099678 0.048907 0.3146 0.036365 -0.029517 -0.059916 0.051584 0.054025 -0.030239 -0.14542 0.05209 -0.0048387 0.14952 -0.01123 -0.029517 -0.04736 -0.04063 -0.068371 0.066386 -0.12617 -0.059916 -0.062994 -0.059916 -0.014804 -0.059916 -0.029014 -0.059916 -0.11159 -0.11373 -0.051622 -0.059916 -0.001148 -0.027574 -0.06198 0.082392 -0.06837 -0.065476 -0.098876 0.15538 0.19733 -0.030918 -0.055983 -0.10555 -0.046717 -0.026364 -0.026364 -0.023904 -0.055614 -0.058331 -0.1133 0.085086 0.03733 0.16087 0.19131 -0.026364 -0.034434 -0.030918 -0.026364 -0.024796 -0.025755 -0.025755 0.44585 -0.025755 -0.10671 0.38411 -0.027574 0.03923 0.03923 0.03923 -0.10594 0.036702 0.25251 -0.024796 0.1736 -0.025755 0.15616 -0.025755 -0.024796 -0.022442 -0.025755 -0.025755 -0.11672 -0.08809 -0.08809
1 1 -0.058863 -0.058863 -0.045431 -0.03272 0.98062 0.98062 0.96225 -0.024796 -0.060955 -0.059916 -0.04343 0.12258 0.011045 -0.022442 -0.13312 -0.11499 -0.026983 -0.11289 -0.11429 -0.024796 -0.11359 -0.022442 -0.022442 -0.11289 -0.11289 -0.064575 0.11516 0.11516 0.02179 0.1142 0.11516 0.11085 -0.060519 0.085968 -0.023386 0.063178 0.060305 0.031813 0.55932 0.062703 0.062703 -0.064575 0.051399 -0.064575 -0.064575 -0.037702 0.051399 0.050847 0.050847 -0.030918 -0.037849 -0.037239 -0.14074 -0.06198 -0.065024 0.18677 -0.036776 -0.021814 0.18103 0.17824 0.051399 -0.070388 0.55595 -0.14697 0.077781 0.28104 0.28414 -0.16818 0.057276 -0.14157 -0.1385 -0.1385 0.17456 0.057276 0.27209 0.10187 -0.028048 0.060348 0.061353 -0.13811 0.058309 0.060851 0.059842 0.068322 0.18103 0.18103 -0.14621 0.174 -0.028048 0.17306 -0.13696 0.050521 -0.13504 -0.13504 -0.028048 -0.14337 0.053161 0.17541 0.053161 0.19592 -0.13543 -0.13543 -0.13504 -0.028786 -0.14296 0.077931 -0.13504 -0.015779 -0.0050329 -0.028048 0.20001 -0.028786 0.052638 0.052638 -0.028786 0.1919 -0.028786 -0.028786 -0.06198 -0.028786 -0.044106 -0.062994 -0.028786 0.19643 -0.028786 0.052638 -0.062994 -0.029517 -0.028786 -0.028786 -0.028786 0.1611 -0.062994 -0.086378 -0.062994 -0.030239 -0.024796 -0.030239 -0.086378 -0.11563 -0.10838 -0.062994 -0.028786 -0.15279 -0.017568 -0.03272 0.048364 -0.017568 0.0099678 0.048907 0.3146 0.036365 -0.029517 -0.059916 0.051584 0.054025 -0.030239 -0.14542 0.05209 -0.0048387 0.14952 -0.01123 -0.029517 -0.04736 -0.04063 -0.068371 0.066386 -0.12617 -0.059916 -0.062994 -0.059916 -0.014804 -0.059916 -0.029014 -0.059916 -0.11159 -0.11373 -0.051622 -0.059916 -0.001148 -0.027574 -0.06198 0.082392 -0.06837 -0.065476 -0.098876 0.15538 0.19733 -0.030918 -0.055983 -0.10555 -0.046717 -0.026364 -0.026364 -0.023904 -0.055614 -0.058331 -0.1133 0.085086 0.03733 0.16087 0.19131 -0.026364 -0.034434 -0.030918 -0.026364 -0.024796 -0.025755 -0.025755 0.44585 -0.025755 -0.10671 0.38411 -0.027574 0.03923 0.03923 0.03923 -0.10594 0.036702 0.25251 -0.024796 0.1736 -0.025755 0.15616 -0.025755 -0.024796 -0.022442 -0.025755 -0.025755 -0.11672 -0.08809 -0.08809
-0.058863 -0.058863 1 1 -0.048086 -0.034631 -0.060026 -0.060026 -0.061172 -0.026244 0.96569 0.98243 -0.045968 -0.48018 -0.055257 -0.048774 -0.23923 -0.20335 -0.028559 -0.20079 -0.20249 -0.026244 -0.20164 -0.048774 -0.048774 -0.20079 -0.20079 0.03686 0.060021 0.060021 -0.050127 0.059015 0.060021 0.055504 0.041866 0.01936 -0.049454 0.11612 0.11375 0.081537 -0.03818 0.11573 0.11573 0.072661 0.085209 0.072661 0.072661 -0.21175 0.085209 0.084755 0.084755 0.45962 -0.060601 -0.21131 -0.22005 -0.065601 0.06314 0.27701 -0.21088 -0.062861 -0.014181 0.033614 0.071372 0.1096 -0.032725 0.040188 0.096548 0.31857 0.32199 0.011332 0.076867 0.048104 0.052733 0.052733 0.038122 0.090112 0.33821 0.020657 -0.067205 0.092727 0.09359 0.053317 0.090988 0.093159 0.092294 0.12044 0.045048 0.045048 0.015994 0.038571 -0.067205 0.04604 0.055078 0.09573 0.058041 0.058041 -0.067205 0.019655 0.097846 0.040061 0.097846 0.069655 0.057446 0.057446 0.058041 -0.067734 0.020181 0.11888 0.058041 -0.058863 -0.18202 -0.067205 0.065249 -0.067734 0.097425 0.097425 -0.067734 0.06558 -0.067734 -0.067734 -0.065601 -0.067734 -0.046683 -0.066674 -0.067734 0.070166 -0.067734 0.084935 -0.066674 -0.068259 -0.067734 -0.067734 -0.067734 0.014817 -0.066674 -0.091425 -0.066674 -0.068782 -0.026244 -0.068782 -0.091425 0.048811 0.093615 -0.066674 -0.067734 0.023039 -0.060026 -0.034631 0.09402 -0.060026 -0.029652 0.081667 -0.057083 0.035079 -0.068259 -0.063416 0.084008 0.10715 -0.068782 -0.18352 0.12107 -0.037322 0.020349 0.0019063 -0.068259 -0.050127 -0.043003 0.17012 0.096976 0.070606 0.060667 0.15391 0.060667 -0.089673 0.060667 -0.030709 0.060667 0.030824 0.036891 0.087131 0.060667 0.063206 -0.098267 0.054859 0.088486 -0.040727 0.14405 -0.083872 0.019705 0.061618 -0.032725 -0.097956 -0.038437 -0.066808 -0.097425 -0.097425 -0.09573 -0.020989 -0.025439 -0.11041 -0.019705 -0.039406 0.19551 0.19111 -0.097425 -0.036445 -0.032725 -0.097425 -0.026244 -0.097002 -0.097002 -0.026244 -0.097002 -0.029501 0.15751 -0.098267 -0.037791 -0.037791 -0.037791 -0.028366 -0.039942 0.19255 -0.026244 0.072935 -0.097002 0.019273 -0.097002 -0.026244 -0.026297 -0.097002 -0.097002 -0.1054 -0.13751 -0.13751
-0.058863 -0.058863 1 1 -0.048086 -0.034631 -0.060026 -0.060026 -0.061172 -0.026244 0.96569 0.98243 -0.045968 -0.48018 -0.055257 -0.048774 -0.23923 -0.20335 -0.028559 -0.20079 -0.20249 -0.026244 -0.20164 -0.048774 -0.048774 -0.20079 -0.20079 0.03686 0.060021 0.060021 -0.050127 0.059015 0.060021 0.055504 0.041866 0.01936 -0.049454 0.11612 0.11375 0.081537 -0.03818 0.11573 0.11573 0.072661 0.085209 0.072661 0.072661 -0.21175 0.085209 0.084755 0.084755 0.45962 -0.060601 -0.21131 -0.22005 -0.065601 0.06314 0.27701 -0.21088 -0.062861 -0.014181 0.033614 0.071372 0.1096 -0.032725 0.040188 0.096548 0.31857 0.32199 0.011332 0.076867 0.048104 0.052733 0.052733 0.038122 0.090112 0.33821 0.020657 -0.067205 0.092727 0.09359 0.053317 0.090988 0.093159 0.092294 0.12044 0.045048 0.045048 0.015994 0.038571 -0.067205 0.04604 0.055078 0.09573 0.058041 0.058041 -0.067205 0.019655 0.097846 0.040061 0.097846 0.069655 0.057446 0.057446 0.058041 -0.067734 0.020181 0.11888 0.058041 -0.058863 -0.18202 -0.067205 0.065249 -0.067734 0.097425 0.097425 -0.067734 0.06558 -0.067734 -0.067734 -0.065601 -0.067734 -0.046683 -0.066674 -0.067734 0.070166 -0.067734 0.084935 -0.066674 -0.068259 -0.067734 -0.067734 -0.067734 0.014817 -0.066674 -0.091425 -0.066674 -0.068782 -0.026244 -0.068782 -0.091425 0.048811 0.093615 -0.066674 -0.067734 0.023039 -0.060026 -0.034631 0.09402 -0.060026 -0.029652 0.081667 -0.057083 0.035079 -0.068259 -0.063416 0.084008 0.10715 -0.068782 -0.18352 0.12107 -0.037322 0.020349 0.0019063 -0.068259 -0.050127 -0.043003 0.17012 0.096976 0.070606 0.060667 0.15391 0.060667 -0.089673 0.060667 -0.030709 0.060667 0.030824 0.036891 0.087131 0.060667 0.063206 -0.098267 0.054859 0.088486 -0.040727 0.14405 -0.083872 0.019705 0.061618 -0.032725 -0.097956 -0.038437 -0.066808 -0.097425 -0.097425 -0.09573 -0.020989 -0.025439 -0.11041 -0.019705 -0.039406 0.19551 0.19111 -0.097425 -0.036445 -0.032725 -0.097425 -0.026244 -0.097002 -0.097002 -0.026244 -0.097002 -0.029501 0.15751 -0.098267 -0.037791 -0.037791 -0.037791 -0.028366 -0.039942 0.19255 -0.026244 0.072935 -0.097002 0.019273 -0.097002 -0.026244 -0.026297 -0.097002 -0.097002 -0.1054 -0.13751 -0.13751
-0.045431 -0.045431 -0.048086 -0.048086 1 -0.026729 -0.046329 -0.046329 -0.00092035 -0.020256 -0.0056205 -0.048946 0.95595 -0.34446 0.84486 0.75843 0.098057 -0.23979 -0.022043 -0.2623 -0.23901 -0.020256 -0.23824 0.75843 0.75843 -0.23747 -0.23747 -0.12602 -0.12898 -0.12898 0.73751 -0.10829 -0.12898 -0.13233 -0.1232 0.16185 0.74777 -0.30215 -0.28092 -0.29966 -0.029468 -0.30332 -0.30332 -0.12602 -0.42431 -0.12602 -0.12602 -0.10919 -0.42431 -0.42674 -0.42674 -0.025258 -0.046773 -0.10884 -0.32296 -0.050632 -0.12633 -0.04695 -0.10849 -0.048517 -0.14029 -0.1426 -0.42431 -0.13011 -0.025258 -0.12414 -0.32728 0.016513 -0.013566 -0.14133 -0.39958 -0.11978 -0.11729 -0.11729 -0.14573 -0.39958 -0.008777 -0.096707 -0.05187 -0.38743 -0.41612 -0.11698 -0.39544 -0.38549 -0.3894 -0.31721 -0.11888 -0.14029 -0.13841 -0.13875 -0.05187 -0.13952 -0.11605 -0.37427 -0.1145 -0.1145 -0.05187 -0.13616 -0.36545 -0.13761 -0.36545 -0.12203 -0.11481 -0.11481 -0.1145 -0.052278 -0.13584 -0.37693 -0.1145 -0.045431 -0.12507 -0.05187 -0.1622 -0.052278 -0.36718 -0.36718 -0.052278 -0.16787 -0.052278 -0.052278 -0.050632 -0.052278 -0.036031 -0.05146 -0.052278 -0.14317 -0.052278 -0.33558 -0.05146 -0.052684 -0.052278 -0.052278 -0.052278 -0.02883 -0.05146 -0.0042825 -0.05146 -0.011299 0.28849 -0.011299 -0.0042825 -0.10283 -0.080398 -0.05146 -0.052278 -0.1176 -0.046329 -0.026729 -0.333 -0.046329 0.34257 -0.33128 0.10368 -0.087653 -0.052684 -0.048946 -0.35478 -0.25492 -0.011299 -0.096792 -0.041547 -0.028806 -0.1388 -0.13294 -0.01062 -0.038689 -0.033191 0.15542 -0.25656 0.19507 -0.048946 -0.05146 -0.048946 0.38487 -0.048946 -0.023701 -0.048946 0.1906 0.18816 -0.04217 -0.048946 0.18415 0.31664 -0.050632 0.1521 -0.035842 -0.053488 -0.03451 0.16371 -0.053717 -0.025258 0.2783 -0.041529 -0.071568 0.35138 0.35138 0.32625 -0.045431 -0.047651 0.17765 0.14691 -0.049755 -0.053087 -0.053887 0.31978 -0.028129 -0.025258 0.31978 -0.020256 0.32137 0.32137 -0.020256 0.32137 -0.042731 -0.039883 0.31664 -0.048605 -0.048605 -0.048605 -0.04193 -0.050137 -0.026839 -0.020256 0.22638 0.32137 0.15714 0.32137 -0.020256 -0.0092134 0.32137 0.32137 0.18481 0.19707 0.19707
-0.03272 -0.03272 -0.034631 -0.034631 -0.026729 1 -0.033366 -0.033366 -0.034003 -0.014588 -0.035862 -0.035251 -0.025552 0.072121 -0.030716 -0.027112 0.07062 0.078724 -0.015875 0.079361 0.078937 -0.014588 0.079149 -0.027112 -0.027112 0.079361 0.079361 0.17917 -0.11686 -0.11686 -0.027864 -0.11739 -0.11686 -0.13387 0.19858 -0.15484 -0.02749 0.064549 0.063229 0.045323 -0.021223 0.06433 0.06433 0.19462 0.047364 0.19462 0.19462 -0.1177 0.047364 0.047112 0.047112 -0.01819 -0.033686 -0.11746 0.065862 -0.036465 0.19419 -0.056017 -0.11722 -0.034942 -0.13958 -0.14125 0.047364 0.18912 -0.01819 0.19724 0.060114 -0.055322 -0.054856 0.17547 0.05009 0.18792 0.096802 0.096802 -0.041225 0.05009 0.10117 -0.036788 -0.037357 0.051543 0.052023 0.097187 0.050577 0.051783 0.051303 0.06695 -0.03734 -0.03734 0.073291 -0.036236 -0.037357 -0.036788 0.098349 0.053212 0.10031 0.10031 -0.037357 0.075571 0.054389 -0.03541 0.054389 -0.12659 0.099917 0.099917 0.10031 -0.037651 0.075899 -0.065594 0.10031 -0.03272 -0.10605 -0.037357 -0.12457 -0.037651 0.054155 0.054155 -0.037651 -0.12863 -0.037651 -0.037651 -0.036465 -0.037651 -0.025949 -0.037061 -0.037651 -0.12633 -0.037651 0.054155 -0.037061 -0.037943 -0.037651 -0.037651 -0.037651 -0.15238 -0.037061 0.10746 -0.037061 -0.038233 -0.014588 -0.038233 0.10746 0.10031 0.13155 -0.037061 -0.037651 0.19078 -0.033366 -0.01925 0.052262 -0.033366 -0.016483 0.0525 -0.03173 0.091166 -0.037943 -0.035251 0.053685 0.065643 -0.038233 -0.10201 0.11687 -0.020746 -0.036731 -0.047499 -0.037943 -0.027864 -0.023904 -0.048614 -0.054511 0.16525 0.17893 0.16796 0.17893 -0.026896 0.17893 0.043183 0.17893 0.16192 0.1601 0.17938 0.17893 0.14908 -0.0332 0.17146 0.13353 -0.01292 0.15978 0.14413 0.13333 0.075208 -0.01819 0.083349 0.13335 -0.051543 -0.032596 -0.032596 -0.031372 0.1634 0.15365 0.16046 0.14438 0.12146 -0.0097213 -0.010661 -0.032596 -0.020259 -0.01819 -0.032596 -0.014588 -0.032292 -0.032292 -0.014588 -0.032292 0.13156 -0.040371 -0.0332 0.12307 0.12307 0.12307 0.13275 0.12092 -0.053685 -0.014588 -0.065929 -0.032292 0.12863 -0.032292 -0.014588 -0.027112 -0.032292 -0.032292 0.17256 0.090433 0.090433
0.98062 0.98062 -0.060026 -0.060026 -0.046329 -0.033366 1 1 0.98127 -0.025286 -0.026066 -0.024458 -0.044289 0.10364 0.0089178 -0.023762 -0.14799 -0.12841 -0.027516 -0.12622 -0.12768 -0.025286 -0.12695 -0.023762 -0.023762 -0.12622 -0.12622 -0.069691 0.10488 0.10488 0.019656 0.1039 0.10488 0.10049 -0.065581 0.074719 -0.024713 0.043287 0.040072 0.034118 0.54829 0.042756 0.042756 -0.069691 0.053494 -0.069691 -0.069691 -0.044468 0.053494 0.052936 0.052936 -0.03153 -0.0011753 -0.043998 -0.13415 -0.063205 -0.070146 0.20519 -0.043528 0.013288 0.1691 0.16625 0.053494 -0.075584 0.54517 -0.15058 0.05625 0.27268 0.27576 -0.1542 0.059441 -0.14508 -0.14195 -0.14195 0.16249 0.059441 0.26405 0.091344 0.0049169 0.062551 0.063569 -0.14156 0.060487 0.063061 0.062039 0.049016 0.1691 0.1691 -0.13241 0.16226 0.0049169 0.1613 -0.14038 0.053 -0.13843 -0.13843 0.0049169 -0.12944 0.055668 0.1637 0.055668 0.18455 -0.13882 -0.13882 -0.13843 0.0039379 -0.12902 0.080746 -0.13843 -0.017568 -0.01163 0.0049169 0.18869 0.0039379 0.055139 0.055139 0.0039379 0.18047 0.0039379 0.0039379 -0.063205 0.0039379 -0.044978 -0.029164 0.0039379 0.18506 0.0039379 0.055139 -0.029164 0.0029723 0.0039379 0.0039379 0.0039379 0.16627 -0.029164 -0.088085 -0.029164 0.0020195 -0.025286 0.0020195 -0.088085 -0.10027 -0.1113 -0.029164 0.0039379 -0.15651 0.0191 -0.033366 0.05082 0.0191 0.0087563 0.051369 0.30715 0.048366 0.0029723 -0.0611 0.054074 0.034606 0.0020195 -0.14933 0.045985 -0.0060625 0.13721 -0.0037374 0.0029723 -0.025645 -0.041433 -0.070251 0.048211 -0.11262 -0.024458 -0.029164 -0.024458 -0.017689 -0.024458 0.042569 -0.024458 -0.098509 -0.10072 -0.052642 -0.024458 0.0092014 -0.030539 -0.027633 0.090304 -0.069721 -0.032846 -0.10126 0.16109 0.18784 -0.03153 -0.036773 -0.10805 -0.049157 -0.0035031 -0.0035031 -0.026844 -0.056713 -0.059484 -0.10028 0.092713 0.032071 0.15567 0.18555 -0.029321 -0.035114 -0.03153 -0.029321 -0.025286 -0.028707 -0.028707 0.43721 -0.028707 -0.10923 0.37365 -0.0048837 0.033978 0.033978 0.033978 -0.10844 0.03144 0.24475 -0.025286 0.16539 -0.028707 0.16157 -0.028707 -0.025286 -0.023762 -0.028707 -0.028707 -0.10382 -0.092647 -0.092647
0.98062 0.98062 -0.060026 -0.060026 -0.046329 -0.033366 1 1 0.98127 -0.025286 -0.026066 -0.024458 -0.044289 0.10364 0.0089178 -0.023762 -0.14799 -0.12841 -0.027516 -0.12622 -0.12768 -0.025286 -0.12695 -0.023762 -0.023762 -0.12622 -0.12622 -0.069691 0.10488 0.10488 0.019656 0.1039 0.10488 0.10049 -0.065581 0.074719 -0.024713 0.043287 0.040072 0.034118 0.54829 0.042756 0.042756 -0.069691 0.053494 -0.069691 -0.069691 -0.044468 0.053494 0.052936 0.052936 -0.03153 -0.0011753 -0.043998 -0.13415 -0.063205 -0.070146 0.20519 -0.043528 0.013288 0.1691 0.16625 0.053494 -0.075584 0.54517 -0.15058 0.05625 0.27268 0.27576 -0.1542 0.059441 -0.14508 -0.14195 -0.14195 0.16249 0.059441 0.26405 0.091344 0.0049169 0.062551 0.063569 -0.14156 0.060487 0.063061 0.062039 0.049016 0.1691 0.1691 -0.13241 0.16226 0.0049169 0.1613 -0.14038 0.053 -0.13843 -0.13843 0.0049169 -0.12944 0.055668 0.1637 0.055668 0.18455 -0.13882 -0.13882 -0.13843 0.0039379 -0.12902 0.080746 -0.13843 -0.017568 -0.01163 0.0049169 0.18869 0.0039379 0.055139 0.055139 0.0039379 0.18047 0.0039379 0.0039379 -0.063205 0.0039379 -0.044978 -0.029164 0.0039379 0.18506 0.0039379 0.055139 -0.029164 0.0029723 0.0039379 0.0039379 0.0039379 0.16627 -0.029164 -0.088085 -0.029164 0.0020195 -0.025286 0.0020195 -0.088085 -0.10027 -0.1113 -0.029164 0.0039379 -0.15651 0.0191 -0.033366 0.05082 0.0191 0.0087563 0.051369 0.30715 0.048366 0.0029723 -0.0611 0.054074 0.034606 0.0020195 -0.14933 0.045985 -0.0060625 0.13721 -0.0037374 0.0029723 -0.025645 -0.041433 -0.070251 0.048211 -0.11262 -0.024458 -0.029164 -0.024458 -0.017689 -0.024458 0.042569 -0.024458 -0.098509 -0.10072 -0.052642 -0.024458 0.0092014 -0.030539 -0.027633 0.090304 -0.069721 -0.032846 -0.10126 0.16109 0.18784 -0.03153 -0.036773 -0.10805 -0.049157 -0.0035031 -0.0035031 -0.026844 -0.056713 -0.059484 -0.10028 0.092713 0.032071 0.15567 0.18555 -0.029321 -0.035114 -0.03153 -0.029321 -0.025286 -0.028707 -0.028707 0.43721 -0.028707 -0.10923 0.37365 -0.0048837 0.033978 0.033978 0.033978 -0.10844 0.03144 0.24475 -0.025286 0.16539 -0.028707 0.16157 -0.028707 -0.025286 -0.023762 -0.028707 -0.028707 -0.10382 -0.092647 -0.092647
0.96225 0.96225 -0.061172 -0.061172 -0.00092035 -0.034003 0.98127 0.98127 1 -0.025768 0.0076382 -0.026235 -0.045134 0.10638 0.047613 -0.025046 -0.14115 -0.12139 -0.028042 -0.13915 -0.12066 -0.025768 -0.11993 -0.025046 -0.025046 -0.1192 -0.1192 -0.07466 0.094985 0.094985 0.017602 0.11121 0.094985 0.090521 -0.070496 0.081179 -0.026005 0.046567 0.043323 0.036359 0.53784 0.046031 0.046031 -0.07466 0.055538 -0.07466 -0.07466 -0.051021 0.055538 0.054973 0.054973 -0.032131 -0.0032436 -0.050544 -0.15003 -0.064412 -0.075121 0.22307 -0.050067 0.0109 0.15763 0.15473 0.055538 -0.080633 0.53496 -0.15412 0.059038 0.28971 0.26777 -0.15843 0.061555 -0.14852 -0.14534 -0.14534 0.15089 0.061555 0.25638 0.098404 0.0025196 0.064703 0.039576 -0.14494 0.035889 0.06522 0.064184 0.030378 0.17483 0.15763 -0.13687 0.15097 0.0025196 0.15 -0.14374 0.055415 -0.14176 -0.14176 0.0025196 -0.13386 0.058111 0.15244 0.058111 0.1909 -0.14215 -0.14215 -0.14176 0.0015388 -0.13343 0.061345 -0.14176 -0.019304 -0.018009 0.0025196 0.17782 0.0015388 0.057577 0.057577 0.0015388 0.16949 0.0015388 0.0015388 -0.064412 0.0015388 -0.045836 -0.030975 0.0015388 0.17415 0.0015388 0.057577 -0.030975 0.00057111 0.0015388 0.0015388 0.0015388 0.15406 -0.030975 -0.089767 -0.030975 0.033192 -0.025768 0.033192 -0.089767 -0.10423 -0.11417 -0.030975 0.0015388 -0.16015 0.016713 -0.034003 0.053212 0.016713 0.0075888 0.053767 0.33963 0.059979 0.00057111 -0.062266 0.0565 0.015854 0.033192 -0.15316 0.040102 -0.0072472 0.12536 0.0035013 0.034368 -0.026945 -0.042224 -0.072093 0.030666 -0.099563 -0.026235 -0.030975 -0.026235 0.0065414 -0.026235 0.040802 -0.026235 -0.0859 -0.088191 -0.053647 -0.026235 0.019206 -0.033416 -0.029433 0.097982 -0.071052 -0.034686 -0.1036 0.16667 0.17874 -0.032131 -0.018222 -0.11051 -0.051532 0.018587 0.018587 -0.029695 -0.057796 -0.06062 -0.087733 0.10012 0.027 0.15071 0.18006 -0.032189 -0.035785 -0.032131 -0.032189 -0.025768 -0.031571 -0.031571 0.42902 -0.031571 -0.11171 0.36368 -0.0081878 0.028915 0.028915 0.028915 -0.11091 0.026366 0.23734 -0.025768 0.15752 -0.031571 0.16685 -0.031571 -0.025768 -0.025046 -0.031571 -0.031571 -0.091398 -0.097084 -0.097084
-0.024796 -0.024796 -0.026244 -0.026244 -0.020256 -0.014588 -0.025286 -0.025286 -0.025768 1 -0.027177 -0.026714 -0.019364 -0.20227 -0.023277 -0.020546 -0.20657 -0.18531 -0.01203 -0.18382 -0.18481 1 -0.18431 -0.020546 -0.020546 -0.18382 -0.18382 -0.074959 -0.099644 -0.099644 -0.021116 -0.10004 -0.099644 -0.10145 -0.073463 0.094212 -0.020832 0.048917 0.047917 0.034347 -0.016083 0.048751 0.048751 -0.074959 0.035894 -0.074959 -0.074959 0.12394 0.035894 0.035702 0.035702 -0.013785 -0.025528 0.1242 0.049911 -0.027634 -0.075125 -0.042451 0.12445 -0.02648 0.10452 0.10328 0.035894 -0.077138 -0.013785 -0.07396 0.045556 -0.041924 -0.041571 -0.083137 0.037959 -0.071648 -0.070335 -0.070335 0.10165 0.037959 -0.039966 0.10494 -0.02831 0.039061 0.039424 -0.070172 0.038328 0.039243 0.038878 0.050736 0.10452 0.10452 -0.081574 0.10535 -0.02831 0.10494 -0.069681 0.040326 -0.068866 -0.068866 -0.02831 -0.080368 0.041217 0.10598 0.041217 0.11524 -0.069029 -0.069029 -0.068866 -0.028532 -0.080197 0.050077 -0.068866 -0.024796 0.13756 -0.02831 0.11711 -0.028532 0.04104 0.04104 -0.028532 0.11341 -0.028532 -0.028532 -0.027634 -0.028532 -0.019665 -0.028086 -0.028532 0.11547 -0.028532 0.04104 -0.028086 -0.028754 -0.028532 -0.028532 -0.028532 0.095738 -0.028086 -0.038512 -0.028086 -0.028974 -0.011055 -0.028974 -0.038512 -0.068866 -0.057726 -0.028086 -0.028532 -0.076465 -0.025286 -0.014588 0.039605 -0.025286 -0.012491 0.039786 -0.024046 -0.072801 -0.028754 -0.026714 0.040683 0.049746 -0.028974 0.14301 -0.062556 -0.015722 0.094592 0.087747 -0.028754 -0.021116 -0.018115 -0.036841 0.054005 -0.080884 -0.026714 -0.028086 -0.026714 -0.037774 -0.026714 -0.012936 -0.026714 -0.08244 -0.083312 -0.023016 -0.026714 -0.089014 -0.041394 -0.027634 -0.098458 -0.030483 -0.029193 -0.049249 -0.10941 -0.072967 -0.013785 -0.050407 -0.052049 -0.039061 -0.04104 -0.04104 -0.040326 -0.024796 -0.026007 -0.083137 -0.10104 -0.055465 -0.028974 -0.029411 -0.04104 -0.015352 -0.013785 -0.04104 -0.011055 -0.040862 -0.040862 -0.011055 -0.040862 -0.052539 0.24177 -0.041394 -0.054979 -0.054979 -0.054979 -0.052213 -0.055627 -0.040683 1 -0.062556 -0.040862 -0.11341 -0.040862 -0.011055 -0.020546 -0.040862 -0.040862 -0.08454 -0.073132 -0.073132
-0.060955 -0.060955 0.96569 0.96569 -0.0056205 -0.035862 -0.026066 -0.026066 0.0076382 -0.027177 1 0.98296 -0.047601 -0.47719 -0.018339 -0.050507 -0.24394 -0.20701 -0.029574 -0.22341 -0.20613 -0.027177 -0.20525 -0.050507 -0.050507 -0.20437 -0.20437 0.024046 0.042655 0.042655 -0.051908 0.058048 0.042655 0.037993 0.029134 0.016969 -0.051212 0.098796 0.096047 0.084434 -0.039537 0.09834 0.09834 0.058765 0.088236 0.058765 0.058765 -0.21927 0.088236 0.087766 0.087766 0.44358 -0.026966 -0.21882 -0.22679 -0.067932 0.049506 0.30928 -0.21837 -0.030446 -0.030261 0.015891 0.074817 0.094248 -0.033888 0.02743 0.078247 0.32625 0.30577 0.014879 0.080469 0.035468 0.040161 0.040161 0.019995 0.093314 0.32176 0.02 -0.036908 0.096021 0.071954 0.040754 0.06872 0.096469 0.095573 0.082794 0.043589 0.027178 0.019721 0.021028 -0.036908 0.028205 0.042538 0.099131 0.045539 0.045539 -0.036908 0.023524 0.10132 0.02257 0.10132 0.069057 0.044936 0.044936 0.045539 -0.037676 0.02407 0.10196 0.045539 -0.060955 -0.18906 -0.036908 0.048543 -0.037676 0.10089 0.10089 -0.037676 0.048384 -0.037676 -0.037676 -0.067932 -0.037676 -0.048342 -0.036133 -0.037676 0.053103 -0.037676 0.088774 -0.036133 -0.038436 -0.037676 -0.037676 -0.037676 0.012829 -0.036133 -0.094673 -0.036133 -0.0071497 -0.027177 -0.0071497 -0.094673 0.05449 0.081776 -0.036133 -0.037676 0.010409 -0.026066 -0.035862 0.09736 -0.026066 -0.030706 0.085409 -0.021355 0.057721 -0.038436 -0.065669 0.08782 0.069225 -0.0071497 -0.19004 0.10765 -0.038648 0.0014928 0.015544 -0.0061869 -0.030655 -0.044531 0.15923 0.062095 0.089805 0.089046 0.17778 0.089046 -0.067071 0.089046 0.035905 0.089046 0.050823 0.056488 0.080906 0.089046 0.080681 -0.10176 0.082265 0.10334 -0.044254 0.16697 -0.089025 0.03488 0.048367 -0.033888 -0.060764 -0.045399 -0.070885 -0.052436 -0.052436 -0.099131 -0.024225 -0.02873 -0.086315 -0.0020326 -0.046872 0.18508 0.18074 -0.10089 -0.03774 -0.033888 -0.10089 -0.027177 -0.10045 -0.10045 -0.027177 -0.10045 -0.03681 0.14561 -0.077686 -0.04523 -0.04523 -0.04523 -0.035659 -0.047417 0.18038 -0.027177 0.060968 -0.10045 0.033906 -0.10045 -0.027177 -0.02871 -0.10045 -0.10045 -0.081801 -0.14477 -0.14477
-0.059916 -0.059916 0.98243 0.98243 -0.048946 -0.035251 -0.024458 -0.024458 -0.026235 -0.026714 0.98296 1 -0.04679 -0.48877 -0.056246 -0.049646 -0.25189 -0.21488 -0.02907 -0.21224 -0.214 -0.026714 -0.21312 -0.049646 -0.049646 -0.21224 -0.21224 0.03035 0.051197 0.051197 -0.051023 0.050175 0.051197 0.046607 0.035397 0.0097632 -0.050339 0.096421 0.093709 0.082995 -0.038863 0.095971 0.095971 0.065596 0.086732 0.065596 0.065596 -0.21553 0.086732 0.086271 0.086271 0.4514 -0.025353 -0.21509 -0.21268 -0.066775 0.05621 0.29335 -0.21465 -0.028811 -0.022341 0.024613 0.07311 0.10179 -0.03331 0.033706 0.075826 0.31032 0.31371 0.021691 0.078684 0.041683 0.046344 0.046344 0.028915 0.091724 0.32981 0.01199 -0.035226 0.094385 0.095263 0.046932 0.092615 0.094825 0.093944 0.10131 0.035971 0.035971 0.026483 0.02966 -0.035226 0.03698 0.048705 0.097442 0.051687 0.051687 -0.035226 0.030249 0.099596 0.031177 0.099596 0.060976 0.051087 0.051087 0.051687 -0.035988 0.030789 0.121 0.051687 -0.059916 -0.18557 -0.035226 0.056759 -0.035988 0.099167 0.099167 -0.035988 0.056842 -0.035988 -0.035988 -0.066775 -0.035988 -0.047518 -0.034456 -0.035988 0.061494 -0.035988 0.086871 -0.034456 -0.036741 -0.035988 -0.035988 -0.035988 0.022173 -0.034456 -0.093059 -0.034456 -0.037487 -0.026714 -0.037487 -0.093059 0.060774 0.087591 -0.034456 -0.035988 0.016625 -0.024458 -0.035251 0.095701 -0.024458 -0.030183 0.083554 -0.058104 0.046566 -0.036741 -0.06455 0.08593 0.087883 -0.037487 -0.1868 0.11424 -0.037989 0.010775 0.0088286 -0.036741 -0.029447 -0.043772 0.16456 0.079256 0.080341 0.092515 0.18271 0.092515 -0.091277 0.092515 0.037475 0.092515 0.04097 0.046832 0.083958 0.092515 0.072067 -0.10002 0.085704 0.096011 -0.042511 0.17182 -0.086475 0.027405 0.054882 -0.03331 -0.079062 -0.041965 -0.068867 -0.074574 -0.074574 -0.097442 -0.022628 -0.027105 -0.09816 -0.010732 -0.04319 0.19018 0.18582 -0.099167 -0.037097 -0.03331 -0.099167 -0.026714 -0.098737 -0.098737 -0.026714 -0.098737 -0.033206 0.15145 -0.075586 -0.041561 -0.041561 -0.041561 -0.032064 -0.04373 0.18634 -0.026714 0.06685 -0.098737 0.026698 -0.098737 -0.026714 -0.027518 -0.098737 -0.098737 -0.093404 -0.14117 -0.14117
-0.04343 -0.04343 -0.045968 -0.045968 0.95595 -0.025552 -0.044289 -0.044289 -0.045134 -0.019364 -0.047601 -0.04679 1 -0.35429 0.83188 0.79421 0.093737 -0.25956 -0.021072 -0.25722 -0.25878 -0.019364 -0.258 0.79421 0.79421 -0.25722 -0.25722 -0.13129 -0.11864 -0.11864 0.77248 -0.11935 -0.11864 -0.12184 -0.12867 0.16501 0.78313 -0.32289 -0.30059 -0.31798 -0.02817 -0.32408 -0.32408 -0.13129 -0.44821 -0.13129 -0.13129 -0.099666 -0.44821 -0.45071 -0.45071 -0.024145 -0.044713 -0.099328 -0.31593 -0.048402 -0.13158 -0.074354 -0.098991 -0.04638 -0.12946 -0.13167 -0.44821 -0.13511 -0.024145 -0.12954 -0.34856 -0.008546 -0.0075279 -0.14562 -0.42275 -0.12549 -0.12319 -0.12319 -0.13466 -0.42275 -0.0027894 -0.1064 -0.049585 -0.41025 -0.40628 -0.12291 -0.3838 -0.40826 -0.41228 -0.31036 -0.12946 -0.12946 -0.14288 -0.12799 -0.049585 -0.12872 -0.12205 -0.39673 -0.12062 -0.12062 -0.049585 -0.14077 -0.38767 -0.12689 -0.38767 -0.1344 -0.1209 -0.1209 -0.12062 -0.049975 -0.14047 -0.3723 -0.12062 -0.04343 -0.11763 -0.049585 -0.15412 -0.049975 -0.38945 -0.38945 -0.049975 -0.15954 -0.049975 -0.049975 -0.048402 -0.049975 -0.034443 -0.049193 -0.049975 -0.13406 -0.049975 -0.35649 -0.049193 -0.050363 -0.049975 -0.049975 -0.049975 -0.011678 -0.049193 0.0016662 -0.049193 -0.050749 0.30262 -0.050749 0.0016662 -0.10844 -0.08788 -0.049193 -0.049975 -0.1222 -0.044289 -0.025552 -0.35357 -0.044289 0.35924 -0.35181 0.060597 -0.11559 -0.050363 -0.04679 -0.37646 -0.24489 -0.050749 -0.08863 -0.046067 -0.027537 -0.12614 -0.14126 -0.050363 -0.036984 -0.031729 0.16795 -0.2487 0.19321 -0.04679 -0.049193 -0.04679 0.3723 -0.04679 -0.022657 -0.04679 0.18891 0.18656 -0.040313 -0.04679 0.18358 0.3368 -0.048402 0.15193 -0.053392 -0.051132 -0.028147 0.15464 -0.056316 -0.024145 0.26962 -0.03502 -0.068415 0.34002 0.34002 0.34665 -0.04343 -0.045552 0.17556 0.14696 -0.043056 -0.050749 -0.051514 0.34002 -0.02689 -0.024145 0.34002 -0.019364 0.34165 0.34165 -0.019364 0.34165 -0.036196 -0.049571 0.3368 -0.041934 -0.041934 -0.041934 -0.035414 -0.043428 -0.038093 -0.019364 0.23334 0.34165 0.14835 0.34165 -0.019364 -0.0063367 0.34165 0.34165 0.18333 0.21716 0.21716
0.12258 0.12258 -0.48018 -0.48018 -0.34446 0.072121 0.10364 0.10364 0.10638 -0.20227 -0.47719 -0.48877 -0.35429 1 -0.26475 -0.25977 0.55258 0.6275 -0.19861 0.62697 0.63109 -0.20227 0.62902 -0.25977 -0.25977 0.62697 0.62697 0.22155 0.21531 0.21531 -0.24793 0.21733 0.21531 0.22931 0.21315 0.037632 -0.25375 0.5076 0.5098 0.48854 0.079512 0.51007 0.5037 0.201 0.52962 0.201 0.201 0.28833 0.52962 0.52558 0.52558 -0.21453 -0.043304 0.28245 0.57463 0.12674 0.19681 -0.20995 0.28643 -0.043453 0.17799 0.15507 0.52962 0.17764 0.068151 0.20563 0.4806 -0.14576 -0.14968 0.17137 0.48919 0.1924 0.18479 0.18479 0.21687 0.48159 -0.080333 0.20507 -0.14063 0.46169 0.45532 0.18383 0.45971 0.45849 0.45745 0.46906 0.19743 0.19743 0.097346 0.203 -0.15031 0.19536 0.17569 0.42543 0.17617 0.17617 -0.15031 0.085186 0.41101 0.19505 0.41101 0.16204 0.17713 0.17713 0.17617 -0.15686 0.0892 0.32182 0.17617 -0.094873 0.25132 -0.15031 0.16864 -0.15686 0.40667 0.40667 -0.15686 0.11652 -0.15686 -0.15686 -0.14992 -0.15686 0.070335 -0.16316 -0.15686 0.16103 -0.15686 0.39949 -0.16316 -0.15379 -0.15686 -0.15686 -0.15686 0.043905 -0.16316 0.1227 -0.16316 -0.15076 -0.085488 -0.15076 0.1227 0.022484 0.11841 -0.16316 -0.15686 0.2044 -0.067315 0.072121 0.39328 -0.067315 -0.10413 0.39772 0.074171 0.043325 -0.15379 0.13207 0.39793 0.36354 -0.15076 0.23968 0.093677 -0.23783 0.16255 0.11922 -0.14424 -0.046604 0.089556 -0.10586 0.22908 -0.10274 -0.051131 -0.094963 -0.051131 -0.14151 -0.051131 -0.11643 -0.051131 -0.07267 -0.077165 0.0091315 -0.051131 -0.072189 -0.13028 -0.080753 -0.058519 0.10529 -0.11952 0.14862 -0.04252 0.091067 0.068151 -0.14337 0.14124 -0.030118 -0.14133 -0.14133 -0.13483 -0.029636 -0.01732 0.0066105 0.013348 0.1506 -0.017988 -0.013775 -0.13416 0.075899 0.068151 -0.13416 -0.1322 -0.12892 -0.12892 0.054655 -0.12892 0.13217 -0.099389 -0.13741 0.14758 0.14758 0.14758 0.13008 0.1516 -0.065919 -0.20227 -0.14955 -0.12892 -0.028825 -0.12892 -0.1322 0.075764 -0.12892 -0.12892 0.00012855 0.04028 0.04028
0.011045 0.011045 -0.055257 -0.055257 0.84486 -0.030716 0.0089178 0.0089178 0.047613 -0.023277 -0.018339 -0.056246 0.83188 -0.26475 1 0.88267 0.089378 -0.30237 -0.02533 -0.32146 -0.30144 -0.023277 -0.30052 0.88267 0.88267 -0.2996 -0.2996 -0.14786 -0.16263 -0.16263 0.90715 -0.14461 -0.16263 -0.16646 -0.14464 0.16993 0.87028 -0.37732 -0.31103 -0.40642 -0.033863 -0.37873 -0.37873 -0.14786 -0.49444 -0.14786 -0.14786 -0.14006 -0.49444 -0.49726 -0.49726 -0.029025 -0.033205 -0.13966 -0.3691 -0.058184 -0.14822 -0.035107 -0.13926 -0.015975 -0.1756 -0.17827 -0.49444 -0.15254 -0.029025 -0.14571 -0.38183 -0.0061243 -0.032426 -0.16536 -0.46573 -0.14073 -0.1379 -0.1379 -0.18186 -0.46573 -0.02742 -0.099355 -0.022082 -0.45163 -0.4758 -0.13754 -0.40237 -0.44937 -0.45391 -0.38658 -0.15676 -0.1756 -0.14258 -0.17384 -0.022082 -0.17472 -0.13648 -0.43635 -0.13472 -0.13472 -0.022082 -0.13993 -0.42611 -0.17252 -0.42611 -0.11684 -0.13507 -0.13507 -0.13472 -0.022804 -0.13955 -0.41629 -0.13472 -0.010039 -0.11064 -0.022082 -0.18929 -0.022804 -0.42812 -0.42812 -0.022804 -0.1958 -0.022804 -0.022804 -0.058184 -0.022804 -0.041404 -0.059135 -0.022804 -0.13534 -0.022804 -0.34468 -0.059135 -0.023517 -0.022804 -0.022804 -0.022804 -0.0065838 -0.059135 -0.022747 -0.059135 0.012559 0.24848 0.012559 -0.022747 -0.093613 -0.088046 -0.059135 -0.022804 -0.13129 -0.011801 -0.030716 -0.34498 -0.011801 0.33558 -0.34314 0.079411 -0.082834 -0.023517 -0.056246 -0.4042 -0.3217 0.012559 -0.12329 -0.056676 -0.033102 -0.15134 -0.13122 0.013507 -0.044459 -0.038141 0.19411 -0.25716 0.19032 -0.056246 -0.059135 -0.056246 0.39417 -0.056246 -0.027236 -0.056246 0.21444 0.21166 -0.04846 -0.056246 0.20419 0.3274 -0.058184 0.18921 -0.064182 -0.061466 -0.042382 0.17503 -0.063126 -0.029025 0.28053 -0.050355 -0.082242 0.35859 0.35859 0.33773 -0.052207 -0.054758 0.19285 0.15494 -0.059713 -0.061005 -0.025611 0.33078 -0.032324 -0.029025 0.33078 -0.023277 0.33249 0.33249 -0.023277 0.33249 -0.051722 -0.018999 0.3274 -0.058404 -0.058404 -0.058404 -0.050812 -0.060147 -0.0016834 -0.023277 0.25418 0.33249 0.16745 0.33249 -0.023277 0.0067911 0.33249 0.33249 0.19817 0.2178 0.2178
-0.022442 -0.022442 -0.048774 -0.048774 0.75843 -0.027112 -0.023762 -0.023762 -0.025046 -0.020546 -0.050507 -0.049646 0.79421 -0.25977 0.88267 1 0.099461 -0.34439 -0.022358 -0.34162 -0.34346 -0.020546 -0.34254 1 1 -0.34162 -0.34162 -0.13931 -0.18518 -0.18518 0.97302 -0.18592 -0.18518 -0.18853 -0.13653 0.17509 0.98625 -0.42002 -0.34481 -0.43715 -0.02989 -0.42145 -0.42145 -0.13931 -0.57241 -0.13931 -0.13931 -0.16577 -0.57241 -0.57547 -0.57547 -0.025619 -0.047443 -0.16543 -0.41165 -0.051357 -0.13962 -0.078893 -0.16509 -0.049212 -0.19658 -0.19893 -0.57241 -0.14336 -0.025619 -0.13745 -0.45101 -0.077915 -0.077259 -0.15451 -0.54126 -0.13315 -0.13072 -0.13072 -0.20213 -0.54126 -0.074276 -0.13242 -0.052613 -0.526 -0.52115 -0.13041 -0.43757 -0.52356 -0.52847 -0.40496 -0.19658 -0.19658 -0.1516 -0.19502 -0.052613 -0.1958 -0.1295 -0.5095 -0.12798 -0.12798 -0.052613 -0.14936 -0.49848 -0.19386 -0.49848 -0.11464 -0.12829 -0.12829 -0.12798 -0.053027 -0.14904 -0.41029 -0.12798 -0.046082 -0.083685 -0.052613 -0.17544 -0.053027 -0.50063 -0.50063 -0.053027 -0.18116 -0.053027 -0.053027 -0.051357 -0.053027 -0.036546 -0.052197 -0.053027 -0.11427 -0.053027 -0.40708 -0.052197 -0.053438 -0.053027 -0.053027 -0.053027 0.018792 -0.052197 -0.071573 -0.052197 -0.053847 0.28416 -0.053847 -0.071573 -0.10494 -0.082244 -0.052197 -0.053027 -0.1199 -0.046993 -0.027112 -0.4067 -0.046993 0.38254 -0.40472 -0.044688 -0.11273 -0.053438 -0.049646 -0.47363 -0.33105 -0.053847 -0.14367 -0.044145 -0.029218 -0.1641 -0.18047 -0.053438 -0.039243 -0.033666 0.23615 -0.28948 0.18845 -0.049646 -0.052197 -0.049646 0.42773 -0.049646 -0.024041 -0.049646 0.19484 0.19236 -0.042774 -0.049646 0.17727 0.38789 -0.051357 0.17692 -0.056652 -0.054254 -0.077779 0.15607 -0.090505 -0.025619 0.31277 -0.083448 -0.072593 0.39149 0.39149 0.39893 -0.046082 -0.048334 0.182 0.13991 -0.090282 -0.053847 -0.054659 0.39149 -0.028532 -0.025619 0.39149 -0.020546 0.39332 0.39332 -0.020546 0.39332 -0.084434 -0.041657 0.38789 -0.089315 -0.089315 -0.089315 -0.083777 -0.090604 -0.028531 -0.020546 0.28036 0.39332 0.14938 0.39332 -0.020546 -0.010125 0.39332 0.39332 0.17814 0.21334 0.21334
-0.13312 -0.13312 -0.23923 -0.23923 0.098057 0.07062 -0.14799 -0.14799 -0.14115 -0.20657 -0.24394 -0.25189 0.093737 0.55258 0.089378 0.099461 1 0.89133 -0.22479 0.88986 0.89465 -0.20657 0.89225 0.099461 0.099461 0.88986 0.88986 0.35767 0.19672 0.19672 0.076743 0.19871 0.19672 0.20076 0.35039 0.14257 0.10085 0.644 0.66076 0.39187 -0.26762 0.6403 0.63386 0.33686 0.35704 0.33686 0.33686 0.37198 0.35704 0.35214 0.35214 -0.2385 -0.45555 0.37108 0.59621 0.13377 0.33768 -0.6728 0.37018 -0.46364 0.13828 0.11486 0.35704 0.29093 0.066733 0.32146 0.56138 -0.29736 -0.30215 0.11438 0.32435 0.30985 0.30324 0.30324 0.18205 0.31666 -0.21373 0.18051 -0.4996 0.30052 0.29534 0.30242 0.31117 0.29792 0.29558 0.55224 0.15303 0.15303 0.034419 0.1539 -0.4898 0.15101 0.29994 0.26811 0.29582 0.29582 -0.4898 0.02721 0.25637 0.15087 0.25637 0.10882 0.29664 0.29664 0.29582 -0.49423 0.026176 0.16296 0.29582 -0.41929 0.30242 -0.4898 0.1058 -0.49423 0.25142 0.25142 -0.49423 0.047745 -0.49423 -0.49423 -0.47635 -0.49423 -0.36745 -0.48535 -0.49423 0.10782 -0.49423 0.29498 -0.48535 -0.48896 -0.49423 -0.49423 -0.49423 -0.1177 -0.48535 0.17882 -0.48535 -0.48379 -0.064705 -0.48379 0.17882 -0.026067 0.26779 -0.48535 -0.49423 0.35465 -0.42921 0.07062 0.29279 -0.42921 -0.044485 0.29769 0.10509 -0.01009 -0.48896 0.10871 0.28527 0.50337 -0.48379 0.2918 0.25246 -0.26014 0.13058 -0.064886 -0.47929 -0.35634 0.072997 0.13107 0.089479 0.0048654 -0.04583 -0.090867 -0.04583 0.028307 -0.04583 -0.09969 -0.04583 0.029413 0.024434 0.0054761 -0.04583 0.01706 -0.037668 -0.08627 -0.045786 0.055623 -0.12577 0.084777 -0.14954 -0.077247 0.066733 -0.065073 0.066431 -0.029351 -0.048154 -0.048154 -0.040127 -0.034059 -0.03234 -0.0018639 -0.06701 0.071874 -0.13816 -0.15146 -0.040894 0.07432 0.066733 -0.040894 -0.11199 -0.035241 -0.035241 -0.20657 -0.035241 0.069852 -0.27618 -0.044882 0.068537 0.068537 0.068537 0.073747 0.078929 -0.23413 -0.20657 -0.2064 -0.035241 -0.14145 -0.035241 -0.11199 0.073332 -0.035241 -0.035241 0.0064317 0.049785 0.049785
-0.11499 -0.11499 -0.20335 -0.20335 -0.23979 0.078724 -0.12841 -0.12841 -0.12139 -0.18531 -0.20701 -0.21488 -0.25956 0.6275 -0.30237 -0.34439 0.89133 1 -0.20165 0.98123 0.98653 -0.18531 0.98387 -0.34439 -0.34439 0.98123 0.98123 0.39961 0.25941 0.25941 -0.35394 0.26161 0.25941 0.26472 0.3915 0.050767 -0.33704 0.78361 0.76635 0.55218 -0.2386 0.78074 0.77467 0.38001 0.57892 0.38001 0.38001 0.41562 0.57892 0.57562 0.57562 -0.2131 -0.4077 0.41461 0.73498 0.14913 0.38093 -0.59815 0.41361 -0.41452 0.20951 0.18851 0.57892 0.33858 0.07439 0.36467 0.71916 -0.24498 -0.24979 0.17731 0.53476 0.3518 0.34448 0.34448 0.25323 0.52751 -0.16785 0.22114 -0.44685 0.50575 0.49879 0.34356 0.47692 0.50225 0.50216 0.69068 0.2234 0.2234 0.10069 0.22352 -0.43763 0.22114 0.34082 0.46813 0.33626 0.33626 -0.43763 0.092895 0.45233 0.22014 0.45233 0.14557 0.33717 0.33717 0.33626 -0.44161 0.091778 0.32633 0.33626 -0.37416 0.3137 -0.43763 0.16934 -0.44161 0.4486 0.4486 -0.44161 0.11727 -0.44161 -0.44161 -0.42552 -0.44161 -0.32962 -0.43362 -0.44161 0.14447 -0.44161 0.4486 -0.43362 -0.43646 -0.44161 -0.44161 -0.44161 -0.12586 -0.43362 0.20066 -0.43362 -0.43141 -0.18531 -0.43141 0.20066 0.022984 0.28956 -0.43362 -0.44161 0.38829 -0.38309 0.078724 0.44622 -0.38309 -0.20937 0.44999 0.11911 0.041535 -0.43646 0.12475 0.46861 0.61218 -0.43141 0.32983 0.25852 -0.23186 0.18821 0.011386 -0.42736 -0.31795 0.083914 0.0207 0.21003 -0.076274 -0.03051 -0.071364 -0.03051 -0.16007 -0.03051 -0.10217 -0.03051 -0.055922 -0.064264 0.024422 -0.03051 -0.064403 -0.20466 -0.067544 -0.12318 0.077903 -0.10301 0.11504 -0.20688 -0.03146 0.07439 -0.19733 0.10031 0.012144 -0.21613 -0.21613 -0.21184 -0.011325 -0.018627 -0.084495 -0.13151 0.10851 -0.10588 -0.11803 -0.21613 0.082848 0.07439 -0.21613 -0.1185 -0.21163 -0.21163 -0.18531 -0.21163 0.10397 -0.24085 -0.21825 0.10493 0.10493 0.10493 0.10735 0.1153 -0.20711 -0.18531 -0.32123 -0.21163 -0.20553 -0.21163 -0.1185 0.073961 -0.21163 -0.21163 -0.079684 -0.049994 -0.049994
