1 0.14974 -0.049712 0.14974 -0.052134 -0.052134 0.67296 0.15011 0.14974 0.17779 0.058369 0.17435 0.15747 -0.056166 -0.043169 -0.041756 -0.034775 -0.071887 -0.043169 -0.043169 -0.052557 -0.041756 -0.071887 0.18206 -0.041756 -0.071887 0.14826 -0.056723 -0.043169 -0.043169 -0.056723 -0.041033 -0.043861 0.97095 -0.03802 -0.043169 -0.071887 -0.043169 0.18166 -0.072817 -0.071887 -0.055604 -0.056723 -0.041756 -0.043169 -0.056723 -0.041756 -0.055604 -0.055604 -0.031225 -0.041756 -0.071887 0.21823 -0.043169 -0.18126 -0.056723 -0.12086 -0.043169 -0.041756 0.97095 -0.043169 -0.041756 -0.043169 0.21823 -0.056723 -0.041756 -0.043169 -0.043169 -0.041756 -0.043169 -0.041756 -0.22436 0.18126 -0.071887 0.97095 0.97095 0.21778 -0.056723 0.21778 -0.071887 -0.071887 0.16729 -0.18045 -0.071887 -0.071887 0.97095 -0.041756 0.24077 -0.062595 -0.055604 -0.055604 -0.041756 -0.055604 0.18126 -0.041756 -0.041756 -0.071887 -0.041756 -0.025042 -0.071887 -0.041756 -0.053311 -0.071887 -0.071887 -0.041756 -0.071887 0.97095 -0.063108 -0.056723 -0.071887 -0.071887 -0.055604 -0.071887 -0.22436 -0.071887 -0.071887 -0.22436 -0.071887 -0.22436 -0.072353 -0.041756 -0.071887 -0.041756 -0.09193 -0.041756 0.18126 0.18126 -0.071887 0.21778 0.18126 -0.055604 -0.041756 -0.071887 -0.041756 -0.056723 0.21778 -0.041756 -0.092557 -0.071887 -0.071887 -0.039552 -0.041756 -0.055604 -0.059447 0.079847 0.18408 -0.055604
0.14974 1 -0.33199 1 0.13763 0.13763 0.16524 0.99756 1 0.8238 -0.15408 0.77555 0.89817 0.13839 0.051107 0.04538 -0.23224 0.14192 0.051107 0.051107 -0.42813 0.04538 0.14192 0.7655 0.04538 0.14192 0.89599 0.13016 0.051107 0.051107 0.13016 0.042397 0.053861 0.1512 -0.25391 0.051107 0.14192 0.051107 0.76713 0.137 0.14192 0.13682 0.13995 0.04538 0.051107 0.13995 0.04538 0.13682 0.13682 0.082429 0.04538 0.14192 0.6418 0.051107 -0.7371 0.13016 0.30264 0.051107 0.04538 0.1512 0.051107 0.04538 0.051107 0.6418 0.13995 0.04538 0.051107 0.051107 0.04538 0.051107 0.04538 0.57459 0.7371 0.18977 0.1512 0.1512 0.64311 0.13995 0.64311 0.14192 0.14192 0.72111 -0.73582 0.18977 0.18977 0.1512 0.04538 0.20906 -0.26548 0.13682 0.096965 0.04538 0.13682 0.7371 0.04538 0.04538 0.14192 0.04538 -0.16724 0.14192 0.04538 -0.35603 0.14192 0.14192 0.04538 0.14192 0.1512 0.11314 0.13995 0.14192 0.14192 0.13682 0.14192 0.57459 0.14192 0.14192 0.57459 0.14192 0.57459 0.14341 0.04538 0.14192 0.04538 -0.65817 0.04538 0.7371 0.7371 0.14192 0.64311 0.7371 0.13682 0.04538 0.14192 0.04538 0.13995 0.64311 0.04538 0.24434 0.14192 0.14192 0.10441 0.04538 0.13682 -0.0026785 0.47763 0.72586 0.13682
-0.049712 -0.33199 1 -0.33199 -0.045691 -0.045691 -0.054859 -0.33118 -0.33199 -0.27961 0.051155 -0.20172 -0.3049 -0.049224 -0.037834 -0.036595 -0.030477 -0.063003 -0.037834 -0.037834 -0.041932 -0.036595 -0.063003 -0.24996 -0.036595 -0.063003 -0.30417 -0.049712 -0.037834 -0.037834 -0.049712 -0.035962 -0.03844 -0.050197 -0.033321 -0.037834 -0.063003 -0.037834 -0.2505 -0.063818 -0.063003 -0.048732 -0.049712 -0.036595 -0.037834 -0.049712 -0.036595 -0.048732 -0.048732 -0.027366 -0.036595 -0.063003 -0.20899 -0.037834 0.25104 -0.049712 -0.10592 -0.037834 -0.036595 -0.050197 -0.037834 -0.036595 -0.037834 -0.20899 -0.049712 -0.036595 -0.037834 -0.037834 -0.036595 -0.037834 -0.036595 -0.18667 -0.25104 -0.063003 -0.050197 -0.050197 -0.20942 -0.049712 -0.20942 -0.063003 -0.063003 -0.24571 0.25213 -0.063003 -0.063003 -0.050197 -0.036595 -0.1759 0.73354 -0.048732 -0.048732 -0.036595 -0.048732 -0.25104 -0.036595 -0.036595 -0.063003 -0.036595 -0.021947 -0.063003 -0.036595 0.86255 -0.063003 -0.063003 -0.036595 -0.063003 -0.050197 -0.055309 -0.049712 -0.063003 -0.063003 -0.048732 -0.063003 -0.18667 -0.063003 -0.063003 -0.18667 -0.063003 -0.18667 -0.063411 -0.036595 -0.063003 -0.036595 -0.064001 -0.036595 -0.25104 -0.25104 -0.063003 -0.20942 -0.25104 -0.048732 -0.036595 -0.063003 -0.036595 -0.049712 -0.20942 -0.036595 -0.081118 -0.063003 -0.063003 -0.034664 -0.036595 -0.048732 -0.0097976 -0.15133 -0.24729 -0.048732
0.14974 1 -0.33199 1 0.13763 0.13763 0.16524 0.99756 1 0.8238 -0.15408 0.77555 0.89817 0.13839 0.051107 0.04538 -0.23224 0.14192 0.051107 0.051107 -0.42813 0.04538 0.14192 0.7655 0.04538 0.14192 0.89599 0.13016 0.051107 0.051107 0.13016 0.042397 0.053861 0.1512 -0.25391 0.051107 0.14192 0.051107 0.76713 0.137 0.14192 0.13682 0.13995 0.04538 0.051107 0.13995 0.04538 0.13682 0.13682 0.082429 0.04538 0.14192 0.6418 0.051107 -0.7371 0.13016 0.30264 0.051107 0.04538 0.1512 0.051107 0.04538 0.051107 0.6418 0.13995 0.04538 0.051107 0.051107 0.04538 0.051107 0.04538 0.57459 0.7371 0.18977 0.1512 0.1512 0.64311 0.13995 0.64311 0.14192 0.14192 0.72111 -0.73582 0.18977 0.18977 0.1512 0.04538 0.20906 -0.26548 0.13682 0.096965 0.04538 0.13682 0.7371 0.04538 0.04538 0.14192 0.04538 -0.16724 0.14192 0.04538 -0.35603 0.14192 0.14192 0.04538 0.14192 0.1512 0.11314 0.13995 0.14192 0.14192 0.13682 0.14192 0.57459 0.14192 0.14192 0.57459 0.14192 0.57459 0.14341 0.04538 0.14192 0.04538 -0.65817 0.04538 0.7371 0.7371 0.14192 0.64311 0.7371 0.13682 0.04538 0.14192 0.04538 0.13995 0.64311 0.04538 0.24434 0.14192 0.14192 0.10441 0.04538 0.13682 -0.0026785 0.47763 0.72586 0.13682
-0.052134 0.13763 -0.045691 0.13763 1 1 -0.057531 0.13796 0.13763 0.014506 -0.21393 0.01048 0.082667 0.14009 -0.039677 -0.038378 -0.031962 0.088746 -0.039677 -0.039677 -0.063462 -0.038378 0.088746 0.029402 -0.038378 0.088746 0.083064 0.13789 -0.039677 -0.039677 0.13789 -0.037713 -0.013597 -0.052642 -0.034944 -0.039677 0.088746 -0.039677 0.028969 0.086247 0.088746 0.14234 0.13789 -0.038378 -0.039677 0.13789 -0.038378 0.14234 0.14234 -0.028699 -0.038378 0.088746 0.037185 -0.039677 -0.087084 0.13789 -0.11108 -0.039677 -0.038378 -0.052642 -0.039677 -0.038378 -0.039677 0.037185 0.13789 -0.038378 -0.039677 -0.039677 -0.038378 -0.039677 -0.038378 0.070285 0.096842 -0.031668 -0.052642 -0.052642 0.046282 0.13789 0.046282 0.088746 0.088746 0.10086 -0.096039 -0.031668 -0.031668 -0.052642 -0.038378 0.17871 -0.057531 0.14234 -0.0081188 -0.038378 0.14234 0.096842 -0.038378 -0.038378 0.088746 -0.038378 -0.023016 0.088746 -0.038378 -0.048998 0.088746 0.088746 -0.038378 0.088746 -0.052642 0.095755 0.13789 0.088746 0.088746 0.14234 0.088746 0.070285 0.088746 0.088746 0.070285 0.088746 0.070285 0.087488 -0.038378 0.088746 -0.038378 -0.095549 -0.038378 0.096842 0.096842 0.088746 0.046282 0.096842 0.14234 -0.038378 0.088746 -0.038378 0.13789 0.046282 -0.038378 -0.08507 0.088746 0.088746 0.75866 -0.038378 0.14234 -0.034385 -0.0023453 0.099654 0.14234
-0.052134 0.13763 -0.045691 0.13763 1 1 -0.057531 0.13796 0.13763 0.014506 -0.21393 0.01048 0.082667 0.14009 -0.039677 -0.038378 -0.031962 0.088746 -0.039677 -0.039677 -0.063462 -0.038378 0.088746 0.029402 -0.038378 0.088746 0.083064 0.13789 -0.039677 -0.039677 0.13789 -0.037713 -0.013597 -0.052642 -0.034944 -0.039677 0.088746 -0.039677 0.028969 0.086247 0.088746 0.14234 0.13789 -0.038378 -0.039677 0.13789 -0.038378 0.14234 0.14234 -0.028699 -0.038378 0.088746 0.037185 -0.039677 -0.087084 0.13789 -0.11108 -0.039677 -0.038378 -0.052642 -0.039677 -0.038378 -0.039677 0.037185 0.13789 -0.038378 -0.039677 -0.039677 -0.038378 -0.039677 -0.038378 0.070285 0.096842 -0.031668 -0.052642 -0.052642 0.046282 0.13789 0.046282 0.088746 0.088746 0.10086 -0.096039 -0.031668 -0.031668 -0.052642 -0.038378 0.17871 -0.057531 0.14234 -0.0081188 -0.038378 0.14234 0.096842 -0.038378 -0.038378 0.088746 -0.038378 -0.023016 0.088746 -0.038378 -0.048998 0.088746 0.088746 -0.038378 0.088746 -0.052642 0.095755 0.13789 0.088746 0.088746 0.14234 0.088746 0.070285 0.088746 0.088746 0.070285 0.088746 0.070285 0.087488 -0.038378 0.088746 -0.038378 -0.095549 -0.038378 0.096842 0.096842 0.088746 0.046282 0.096842 0.14234 -0.038378 0.088746 -0.038378 0.13789 0.046282 -0.038378 -0.08507 0.088746 0.088746 0.75866 -0.038378 0.14234 -0.034385 -0.0023453 0.099654 0.14234
0.67296 0.16524 -0.054859 0.16524 -0.057531 -0.057531 1 0.16565 0.16524 0.1962 0.064412 0.18391 0.15619 -0.06198 0.36709 0.38181 -0.038375 0.18377 0.36709 0.36709 -0.061077 0.38181 0.18377 0.036922 0.38181 0.18377 0.14783 -0.062595 0.36709 0.36709 -0.062595 0.36554 0.3602 0.66602 -0.041956 0.36709 0.18377 0.36709 0.036404 0.17995 0.18377 -0.061361 -0.062595 0.38181 0.36709 -0.062595 0.38181 -0.061361 -0.061361 -0.034458 0.38181 0.18377 0.08055 0.36709 -0.18513 -0.062595 -0.10331 0.36709 0.38181 0.66602 0.36709 0.38181 0.36709 0.08055 -0.062595 0.38181 0.36709 0.36709 0.38181 0.36709 0.38181 -0.22328 0.18513 -0.07933 0.66602 0.66602 0.080035 -0.062595 0.080035 0.18377 0.18377 0.16489 -0.18423 -0.07933 -0.07933 0.66602 0.38181 0.091568 -0.069075 -0.061361 0.26737 0.38181 -0.061361 0.18513 0.38181 0.38181 0.18377 0.38181 -0.027634 0.18377 0.38181 -0.05883 0.18377 0.18377 0.38181 0.18377 0.66602 0.22431 -0.062595 0.18377 0.18377 -0.061361 0.18377 -0.22328 0.18377 0.18377 -0.22328 0.18377 -0.22328 0.18184 0.38181 0.18377 0.38181 -0.081637 0.38181 0.18513 0.18513 0.18377 0.080035 0.18513 -0.061361 0.38181 0.18377 0.38181 -0.062595 0.080035 0.38181 -0.10214 0.18377 0.18377 -0.043647 0.38181 -0.061361 0.24415 0.013709 0.18829 -0.061361
0.15011 0.99756 -0.33118 0.99756 0.13796 0.13796 0.16565 1 0.99756 0.82129 -0.15446 0.77311 0.89577 0.13877 0.051452 0.045719 -0.23167 0.14244 0.051452 0.051452 -0.42704 0.045719 0.14244 0.76292 0.045719 0.14244 0.89358 0.13055 0.051452 0.051452 0.13055 0.042732 0.05421 0.15157 -0.25329 0.051452 0.14244 0.051452 0.76455 0.13753 0.14244 0.13719 0.14033 0.045719 0.051452 0.14033 0.045719 0.13719 0.13719 0.082631 0.045719 0.14244 0.63902 0.051452 -0.73456 0.13055 0.29798 0.051452 0.045719 0.15157 0.051452 0.045719 0.051452 0.63902 0.14033 0.045719 0.051452 0.051452 0.045719 0.051452 0.045719 0.57165 0.73456 0.19024 0.15157 0.15157 0.64033 0.14033 0.64033 0.14244 0.14244 0.71855 -0.73329 0.19024 0.19024 0.15157 0.045719 0.20637 -0.26462 0.13719 0.097377 0.045719 0.13719 0.73456 0.045719 0.045719 0.14244 0.045719 -0.16683 0.14244 0.045719 -0.35516 0.14244 0.14244 0.045719 0.14244 0.15157 0.1136 0.14033 0.14244 0.14244 0.13719 0.14244 0.57165 0.14244 0.14244 0.57165 0.14244 0.57165 0.14393 0.045719 0.14244 0.045719 -0.65651 0.045719 0.73456 0.73456 0.14244 0.64033 0.73456 0.13719 0.045719 0.14244 0.045719 0.14033 0.64033 0.045719 0.23841 0.14244 0.14244 0.10467 0.045719 0.13719 -0.0021256 0.47428 0.72331 0.13719
0.14974 1 -0.33199 1 0.13763 0.13763 0.16524 0.99756 1 0.8238 -0.15408 0.77555 0.89817 0.13839 0.051107 0.04538 -0.23224 0.14192 0.051107 0.051107 -0.42813 0.04538 0.14192 0.7655 0.04538 0.14192 0.89599 0.13016 0.051107 0.051107 0.13016 0.042397 0.053861 0.1512 -0.25391 0.051107 0.14192 0.051107 0.76713 0.137 0.14192 0.13682 0.13995 0.04538 0.051107 0.13995 0.04538 0.13682 0.13682 0.082429 0.04538 0.14192 0.6418 0.051107 -0.7371 0.13016 0.30264 0.051107 0.04538 0.1512 0.051107 0.04538 0.051107 0.6418 0.13995 0.04538 0.051107 0.051107 0.04538 0.051107 0.04538 0.57459 0.7371 0.18977 0.1512 0.1512 0.64311 0.13995 0.64311 0.14192 0.14192 0.72111 -0.73582 0.18977 0.18977 0.1512 0.04538 0.20906 -0.26548 0.13682 0.096965 0.04538 0.13682 0.7371 0.04538 0.04538 0.14192 0.04538 -0.16724 0.14192 0.04538 -0.35603 0.14192 0.14192 0.04538 0.14192 0.1512 0.11314 0.13995 0.14192 0.14192 0.13682 0.14192 0.57459 0.14192 0.14192 0.57459 0.14192 0.57459 0.14341 0.04538 0.14192 0.04538 -0.65817 0.04538 0.7371 0.7371 0.14192 0.64311 0.7371 0.13682 0.04538 0.14192 0.04538 0.13995 0.64311 0.04538 0.24434 0.14192 0.14192 0.10441 0.04538 0.13682 -0.0026785 0.47763 0.72586 0.13682
0.17779 0.8238 -0.27961 0.8238 0.014506 0.014506 0.1962 0.82129 0.8238 1 0.3283 0.95016 0.85413 -0.30662 0.064413 0.082115 -0.19559 -0.20944 0.064413 0.064413 -0.3651 0.082115 -0.20944 0.92614 0.082115 -0.20944 0.84723 -0.31904 0.064413 0.064413 -0.31904 0.079041 0.067628 0.17953 -0.21385 0.064413 -0.20944 0.064413 0.92383 -0.21674 -0.20944 -0.31275 -0.31904 0.082115 0.064413 -0.31904 0.082115 -0.31275 -0.31275 0.097873 0.082115 -0.20944 0.77887 0.064413 -0.67065 -0.31904 0.37881 0.064413 0.082115 0.17953 0.064413 0.082115 0.064413 0.77887 -0.31904 0.082115 0.064413 0.064413 0.082115 0.064413 0.082115 0.69908 0.6749 0.22532 0.17953 0.17953 0.78043 -0.31904 0.78043 -0.20944 -0.20944 0.6568 -0.67006 0.22532 0.22532 0.17953 0.082115 0.26823 -0.3352 -0.31275 0.13682 0.082115 -0.31275 0.6749 0.082115 0.082115 -0.20944 0.082115 -0.14085 -0.20944 0.082115 -0.29985 -0.20944 -0.20944 0.082115 -0.20944 0.17953 -0.1372 -0.31904 -0.20944 -0.20944 -0.31275 -0.20944 0.69908 -0.20944 -0.20944 0.69908 -0.20944 0.69908 -0.20565 0.082115 -0.20944 0.082115 -0.55644 0.082115 0.6749 0.6749 -0.20944 0.78043 0.6749 -0.31275 0.082115 -0.20944 0.082115 -0.31904 0.78043 0.082115 0.29011 -0.20944 -0.20944 0.12397 0.082115 -0.31275 -0.043126 0.56937 0.66218 -0.31275
0.058369 -0.15408 0.051155 -0.15408 -0.21393 -0.21393 0.064412 -0.15446 -0.15408 0.3283 1 0.33479 -0.11531 -0.92376 0.044422 0.042967 0.035785 -0.7187 0.044422 0.044422 0.071052 0.042967 -0.7187 0.30544 0.042967 -0.7187 -0.12507 -0.93364 0.044422 0.044422 -0.93364 0.042224 0.045134 0.058938 0.039124 0.044422 -0.7187 0.044422 0.30608 -0.7247 -0.7187 -0.93321 -0.91456 0.042967 0.044422 -0.91456 0.042967 -0.93321 -0.93321 0.032131 0.042967 -0.7187 0.25706 0.044422 0.16056 -0.93364 0.12436 0.044422 0.042967 0.058938 0.044422 0.042967 0.044422 0.25706 -0.91456 0.042967 0.044422 0.044422 0.042967 0.044422 0.042967 0.23087 -0.15174 0.073974 0.058938 0.058938 0.25758 -0.91456 0.25758 -0.7187 -0.7187 -0.15605 0.15971 0.073974 0.073974 0.058938 0.042967 0.11439 0.064412 -0.93321 0.057218 0.042967 -0.93321 -0.15174 0.042967 0.042967 -0.7187 0.042967 0.025768 -0.7187 0.042967 0.054858 -0.7187 -0.7187 0.042967 -0.7187 0.058938 -0.50813 -0.91456 -0.7187 -0.7187 -0.93321 -0.7187 0.23087 -0.7187 -0.7187 0.23087 -0.7187 0.23087 -0.71397 0.042967 -0.7187 0.042967 0.10698 0.042967 -0.15174 -0.15174 -0.7187 0.25758 -0.15174 -0.93321 0.042967 -0.7187 0.042967 -0.91456 0.25758 0.042967 0.095244 -0.7187 -0.7187 0.0407 0.042967 -0.93321 -0.085219 0.18974 -0.15475 -0.93321
0.17435 0.77555 -0.20172 0.77555 0.01048 0.01048 0.18391 0.77311 0.77555 0.95016 0.33479 1 0.83519 -0.31281 0.097034 0.11608 -0.19946 -0.19369 0.097034 0.097034 -0.38824 0.11608 -0.19369 0.89953 0.11608 -0.19369 0.82832 -0.32535 0.097034 0.097034 -0.32535 0.11366 0.099687 0.17605 -0.21807 0.097034 -0.19369 0.097034 0.89716 -0.20135 -0.19369 -0.31893 -0.32535 0.11608 0.097034 -0.32535 0.11608 -0.31893 -0.31893 0.095975 0.11608 -0.19369 0.75531 0.097034 -0.65529 -0.32535 0.36113 0.097034 0.11608 0.17605 0.097034 0.11608 0.097034 0.75531 -0.32535 0.11608 0.097034 0.097034 0.11608 0.097034 0.11608 0.67707 0.65957 0.22096 0.17605 0.17605 0.75684 -0.32535 0.75684 -0.19369 -0.19369 0.64183 -0.65461 0.22096 0.22096 0.17605 0.11608 0.25725 -0.27419 -0.31893 0.16149 0.11608 -0.31893 0.65957 0.11608 0.11608 -0.19369 0.11608 -0.14363 -0.19369 0.11608 -0.23729 -0.19369 -0.19369 0.11608 -0.19369 0.17605 -0.11769 -0.32535 -0.19369 -0.19369 -0.31893 -0.19369 0.67707 -0.19369 -0.19369 0.67707 -0.19369 0.67707 -0.19004 0.11608 -0.19369 0.11608 -0.57922 0.11608 0.65957 0.65957 -0.19369 0.75684 0.65957 -0.31893 0.11608 -0.19369 0.11608 -0.32535 0.75684 0.11608 0.27831 -0.19369 -0.19369 0.12157 0.11608 -0.31893 -0.021431 0.5495 0.64711 -0.31893
0.15747 0.89817 -0.3049 0.89817 0.082667 0.082667 0.15619 0.89577 0.89817 0.85413 -0.11531 0.83519 1 0.15592 0.11984 0.11592 -0.22084 0.19957 0.11984 0.11984 -0.43041 0.11592 0.19957 0.82402 0.11592 0.19957 0.99296 0.15747 0.11984 0.11984 0.15747 0.11391 0.12176 0.159 -0.24145 0.11984 0.19957 0.11984 0.82574 0.20215 0.19957 0.15436 0.15747 0.11592 0.11984 0.15747 0.11592 0.15436 0.15436 0.086684 0.11592 0.19957 0.6935 0.11984 -0.82304 0.15747 0.33551 0.11984 0.11592 0.159 0.11984 0.11592 0.11984 0.6935 0.15747 0.11592 0.11984 0.11984 0.11592 0.11984 0.11592 0.62284 0.82747 0.19957 0.159 0.159 0.69489 0.15747 0.69489 0.19957 0.19957 0.81043 -0.82207 0.19957 0.19957 0.159 0.11592 0.21473 -0.38872 0.15436 0.15436 0.11592 0.15436 0.82747 0.11592 0.11592 0.19957 0.11592 -0.15903 0.19957 0.11592 -0.33855 0.19957 0.19957 0.11592 0.19957 0.159 0.17519 0.15747 0.19957 0.19957 0.15436 0.19957 0.62284 0.19957 0.19957 0.62284 0.19957 0.62284 0.20086 0.11592 0.19957 0.11592 -0.6543 0.11592 0.82747 0.82747 0.19957 0.69489 0.82747 0.15436 0.11592 0.19957 0.11592 0.15747 0.69489 0.11592 0.25695 0.19957 0.19957 0.1098 0.11592 0.15436 0.027094 0.5074 0.81549 0.15436
-0.056166 0.13839 -0.049224 0.13839 0.14009 0.14009 -0.06198 0.13877 0.13839 -0.30662 -0.92376 -0.31281 0.15592 1 -0.042745 -0.041345 -0.034434 0.76521 -0.042745 -0.042745 -0.06837 -0.041345 0.76521 -0.2848 -0.041345 0.76521 0.15629 0.97044 -0.042745 -0.042745 0.97044 -0.04063 -0.04343 -0.056713 -0.037647 -0.042745 0.76521 -0.042745 -0.28541 0.75541 0.76521 0.99 0.97044 -0.041345 -0.042745 0.97044 -0.041345 0.99 0.99 -0.030918 -0.041345 0.76521 -0.23845 -0.042745 -0.18843 0.97044 -0.10864 -0.042745 -0.041345 -0.056713 -0.042745 -0.041345 -0.042745 -0.23845 0.97044 -0.041345 -0.042745 -0.042745 -0.041345 -0.042745 -0.041345 -0.21324 0.18843 -0.071181 -0.056713 -0.056713 -0.23894 0.97044 -0.23894 0.76521 0.76521 0.19239 -0.18764 -0.071181 -0.071181 -0.056713 -0.041345 -0.14732 -0.06198 0.99 -0.055058 -0.041345 0.99 0.18843 -0.041345 -0.041345 0.76521 -0.041345 -0.024796 0.76521 -0.041345 -0.052787 0.76521 0.76521 -0.041345 0.76521 -0.056713 0.54853 0.97044 0.76521 0.76521 0.99 0.76521 -0.21324 0.76521 0.76521 -0.21324 0.76521 -0.21324 0.76027 -0.041345 0.76521 -0.041345 -0.10294 -0.041345 0.18843 0.18843 0.76521 -0.23894 0.18843 0.99 -0.041345 0.76521 -0.041345 0.97044 -0.23894 -0.041345 -0.091648 0.76521 0.76521 -0.039164 -0.041345 0.99 0.073696 -0.18257 0.1912 0.99
-0.043169 0.051107 -0.037834 0.051107 -0.039677 -0.039677 0.36709 0.051452 0.051107 0.064413 0.044422 0.097034 0.11984 -0.042745 1 0.96725 -0.026466 0.60051 1 1 -0.05255 0.96725 0.60051 -0.2259 0.96725 0.60051 0.12012 -0.043169 1 1 -0.043169 0.95051 0.98423 -0.04359 -0.028936 1 0.60051 1 -0.21477 0.59284 0.60051 -0.042318 0.0070949 0.96725 1 0.0070949 0.96725 -0.042318 -0.042318 -0.023764 0.96725 0.60051 -0.19012 1 -0.14483 -0.043169 -0.091978 1 0.96725 -0.04359 1 0.96725 1 -0.19012 0.0070949 0.96725 1 1 0.96725 1 0.96725 -0.17075 0.14483 -0.05471 -0.04359 -0.04359 -0.1905 0.0070949 -0.1905 0.60051 0.60051 0.13631 -0.14422 -0.05471 -0.05471 -0.04359 0.96725 -0.16143 -0.047638 -0.042318 0.7252 0.96725 -0.042318 0.14483 0.96725 0.96725 0.60051 0.96725 -0.019058 0.60051 0.96725 -0.040573 0.60051 0.60051 0.96725 0.60051 -0.04359 0.68405 0.0070949 0.60051 0.60051 -0.042318 0.60051 -0.17075 0.60051 0.60051 -0.17075 0.60051 -0.17075 0.59664 0.96725 0.60051 0.96725 -0.079119 0.96725 0.14483 0.14483 0.60051 -0.1905 0.14483 -0.042318 0.96725 0.60051 0.96725 0.0070949 -0.1905 0.96725 -0.070441 0.60051 0.60051 -0.030101 0.96725 -0.042318 0.72618 -0.14033 0.14696 -0.042318
-0.041756 0.04538 -0.036595 0.04538 -0.038378 -0.038378 0.38181 0.045719 0.04538 0.082115 0.042967 0.11608 0.11592 -0.041345 0.96725 1 -0.025599 0.58085 0.96725 0.96725 -0.050829 1 0.58085 -0.21851 1 0.58085 0.11619 -0.041756 0.96725 0.96725 -0.041756 0.98269 0.952 -0.042163 -0.027988 0.96725 0.58085 0.96725 -0.21896 0.57343 0.58085 -0.040932 -0.041756 1 0.96725 -0.041756 1 -0.040932 -0.040932 -0.022986 1 0.58085 -0.1839 0.96725 -0.14009 -0.041756 -0.088966 0.96725 1 -0.042163 0.96725 1 0.96725 -0.1839 -0.041756 1 0.96725 0.96725 1 0.96725 1 -0.16516 0.14009 -0.052919 -0.042163 -0.042163 -0.18426 -0.041756 -0.18426 0.58085 0.58085 0.1311 -0.1395 -0.052919 -0.052919 -0.042163 1 -0.15615 -0.046078 -0.040932 0.75095 1 -0.040932 0.14009 1 1 0.58085 1 -0.018434 0.58085 1 -0.039244 0.58085 0.58085 1 0.58085 -0.042163 0.66165 -0.041756 0.58085 0.58085 -0.040932 0.58085 -0.16516 0.58085 0.58085 -0.16516 0.58085 -0.16516 0.57711 1 0.58085 1 -0.076528 1 0.14009 0.14009 0.58085 -0.18426 0.14009 -0.040932 1 0.58085 1 -0.041756 -0.18426 1 -0.068134 0.58085 0.58085 -0.029116 1 -0.040932 0.7024 -0.13573 0.14214 -0.040932
-0.034775 -0.23224 -0.030477 -0.23224 -0.031962 -0.031962 -0.038375 -0.23167 -0.23224 -0.19559 0.035785 -0.19946 -0.22084 -0.034434 -0.026466 -0.025599 1 -0.044072 -0.026466 -0.026466 -0.042332 -0.025599 -0.044072 -0.18198 -0.025599 -0.044072 -0.22032 -0.034775 -0.026466 -0.026466 -0.034775 -0.025156 -0.02689 -0.035114 -0.023309 -0.026466 -0.044072 -0.026466 -0.18236 -0.044642 -0.044072 -0.034089 -0.034775 -0.025599 -0.026466 -0.034775 -0.025599 -0.034089 -0.034089 -0.019143 -0.025599 -0.044072 -0.15315 -0.026466 0.18274 -0.034775 -0.074094 -0.026466 -0.025599 -0.035114 -0.026466 -0.025599 -0.026466 -0.15315 -0.034775 -0.025599 -0.026466 -0.026466 -0.025599 -0.026466 -0.025599 -0.13755 -0.18274 -0.044072 -0.035114 -0.035114 -0.15346 -0.034775 -0.15346 -0.044072 -0.044072 -0.17898 0.18351 -0.044072 -0.044072 -0.035114 -0.025599 -0.11604 -0.038375 -0.034089 -0.034089 -0.025599 -0.034089 -0.18274 -0.025599 -0.025599 -0.044072 -0.025599 -0.015352 -0.044072 -0.025599 -0.032684 -0.044072 -0.044072 -0.025599 -0.044072 -0.035114 -0.03869 -0.034775 -0.044072 -0.044072 -0.034089 -0.044072 -0.13755 -0.044072 -0.044072 -0.13755 -0.044072 -0.13755 -0.044358 -0.025599 -0.044072 -0.025599 0.33451 -0.025599 -0.18274 -0.18274 -0.044072 -0.15346 -0.18274 -0.034089 -0.025599 -0.044072 -0.025599 -0.034775 -0.15346 -0.025599 -0.056744 -0.044072 -0.044072 -0.024248 -0.025599 -0.034089 -0.036445 -0.11304 -0.18009 -0.034089
-0.071887 0.14192 -0.063003 0.14192 0.088746 0.088746 0.18377 0.14244 0.14192 -0.20944 -0.7187 -0.19369 0.19957 0.76521 0.60051 0.58085 -0.044072 1 0.60051 0.60051 -0.087508 0.58085 1 -0.37619 0.58085 1 0.20003 0.75716 0.60051 0.60051 0.75716 0.57079 0.58996 -0.072588 -0.048185 0.60051 1 0.60051 -0.36961 0.98723 1 0.77349 0.78905 0.58085 0.60051 0.78905 0.58085 0.77349 0.77349 -0.039573 0.58085 1 -0.3166 0.60051 -0.24118 0.75716 -0.15317 0.60051 0.58085 -0.072588 0.60051 0.58085 0.60051 -0.3166 0.78905 0.58085 0.60051 0.60051 0.58085 0.60051 0.58085 -0.28434 0.24118 -0.091106 -0.072588 -0.072588 -0.31723 0.78905 -0.31723 1 1 0.23891 -0.24017 -0.091106 -0.091106 -0.072588 0.58085 -0.21818 -0.07933 0.77349 0.41643 0.58085 0.77349 0.24118 0.58085 0.58085 1 0.58085 -0.031736 1 0.58085 -0.067563 1 1 0.58085 1 -0.072588 0.87788 0.78905 1 1 0.77349 1 -0.28434 1 1 -0.28434 1 -0.28434 0.99356 0.58085 1 0.58085 -0.13175 0.58085 0.24118 0.24118 1 -0.31723 0.24118 0.77349 0.58085 1 0.58085 0.78905 -0.31723 0.58085 -0.1173 1 1 -0.050126 0.58085 0.77349 0.52109 -0.23368 0.24472 0.77349
-0.043169 0.051107 -0.037834 0.051107 -0.039677 -0.039677 0.36709 0.051452 0.051107 0.064413 0.044422 0.097034 0.11984 -0.042745 1 0.96725 -0.026466 0.60051 1 1 -0.05255 0.96725 0.60051 -0.2259 0.96725 0.60051 0.12012 -0.043169 1 1 -0.043169 0.95051 0.98423 -0.04359 -0.028936 1 0.60051 1 -0.21477 0.59284 0.60051 -0.042318 0.0070949 0.96725 1 0.0070949 0.96725 -0.042318 -0.042318 -0.023764 0.96725 0.60051 -0.19012 1 -0.14483 -0.043169 -0.091978 1 0.96725 -0.04359 1 0.96725 1 -0.19012 0.0070949 0.96725 1 1 0.96725 1 0.96725 -0.17075 0.14483 -0.05471 -0.04359 -0.04359 -0.1905 0.0070949 -0.1905 0.60051 0.60051 0.13631 -0.14422 -0.05471 -0.05471 -0.04359 0.96725 -0.16143 -0.047638 -0.042318 0.7252 0.96725 -0.042318 0.14483 0.96725 0.96725 0.60051 0.96725 -0.019058 0.60051 0.96725 -0.040573 0.60051 0.60051 0.96725 0.60051 -0.04359 0.68405 0.0070949 0.60051 0.60051 -0.042318 0.60051 -0.17075 0.60051 0.60051 -0.17075 0.60051 -0.17075 0.59664 0.96725 0.60051 0.96725 -0.079119 0.96725 0.14483 0.14483 0.60051 -0.1905 0.14483 -0.042318 0.96725 0.60051 0.96725 0.0070949 -0.1905 0.96725 -0.070441 0.60051 0.60051 -0.030101 0.96725 -0.042318 0.72618 -0.14033 0.14696 -0.042318
-0.043169 0.051107 -0.037834 0.051107 -0.039677 -0.039677 0.36709 0.051452 0.051107 0.064413 0.044422 0.097034 0.11984 -0.042745 1 0.96725 -0.026466 0.60051 1 1 -0.05255 0.96725 0.60051 -0.2259 0.96725 0.60051 0.12012 -0.043169 1 1 -0.043169 0.95051 0.98423 -0.04359 -0.028936 1 0.60051 1 -0.21477 0.59284 0.60051 -0.042318 0.0070949 0.96725 1 0.0070949 0.96725 -0.042318 -0.042318 -0.023764 0.96725 0.60051 -0.19012 1 -0.14483 -0.043169 -0.091978 1 0.96725 -0.04359 1 0.96725 1 -0.19012 0.0070949 0.96725 1 1 0.96725 1 0.96725 -0.17075 0.14483 -0.05471 -0.04359 -0.04359 -0.1905 0.0070949 -0.1905 0.60051 0.60051 0.13631 -0.14422 -0.05471 -0.05471 -0.04359 0.96725 -0.16143 -0.047638 -0.042318 0.7252 0.96725 -0.042318 0.14483 0.96725 0.96725 0.60051 0.96725 -0.019058 0.60051 0.96725 -0.040573 0.60051 0.60051 0.96725 0.60051 -0.04359 0.68405 0.0070949 0.60051 0.60051 -0.042318 0.60051 -0.17075 0.60051 0.60051 -0.17075 0.60051 -0.17075 0.59664 0.96725 0.60051 0.96725 -0.079119 0.96725 0.14483 0.14483 0.60051 -0.1905 0.14483 -0.042318 0.96725 0.60051 0.96725 0.0070949 -0.1905 0.96725 -0.070441 0.60051 0.60051 -0.030101 0.96725 -0.042318 0.72618 -0.14033 0.14696 -0.042318
-0.052557 -0.42813 -0.041932 -0.42813 -0.063462 -0.063462 -0.061077 -0.42704 -0.42813 -0.3651 0.071052 -0.38824 -0.43041 -0.06837 -0.05255 -0.050829 -0.042332 -0.087508 -0.05255 -0.05255 1 -0.050829 -0.087508 -0.36133 -0.050829 -0.087508 -0.43746 -0.069048 -0.05255 -0.05255 -0.069048 -0.049949 -0.053392 -0.069721 -0.046282 -0.05255 -0.087508 -0.05255 -0.36208 -0.08864 -0.087508 -0.067686 -0.069048 -0.050829 -0.05255 -0.069048 -0.050829 -0.067686 -0.067686 -0.03801 -0.050829 -0.087508 -0.3041 -0.05255 0.36284 -0.069048 -0.14712 -0.05255 -0.050829 -0.069721 -0.05255 -0.050829 -0.05255 -0.3041 -0.069048 -0.050829 -0.05255 -0.05255 -0.050829 -0.05255 -0.050829 -0.27311 -0.36284 -0.087508 -0.069721 -0.069721 -0.3047 -0.069048 -0.3047 -0.087508 -0.087508 -0.35537 0.35673 -0.087508 -0.087508 -0.069721 -0.050829 -0.23576 -0.061077 -0.067686 -0.067686 -0.050829 -0.067686 -0.36284 -0.050829 -0.050829 -0.087508 -0.050829 -0.030483 -0.087508 -0.050829 -0.047458 -0.087508 -0.087508 -0.050829 -0.087508 -0.069721 -0.076821 -0.069048 -0.087508 -0.087508 -0.067686 -0.087508 -0.27311 -0.087508 -0.087508 -0.27311 -0.087508 -0.27311 -0.088075 -0.050829 -0.087508 -0.050829 0.65405 -0.050829 -0.36284 -0.36284 -0.087508 -0.3047 -0.36284 -0.067686 -0.050829 -0.087508 -0.050829 -0.069048 -0.3047 -0.050829 -0.11267 -0.087508 -0.087508 -0.048146 -0.050829 -0.067686 0.0067301 -0.22445 -0.35759 -0.067686
-0.041756 0.04538 -0.036595 0.04538 -0.038378 -0.038378 0.38181 0.045719 0.04538 0.082115 0.042967 0.11608 0.11592 -0.041345 0.96725 1 -0.025599 0.58085 0.96725 0.96725 -0.050829 1 0.58085 -0.21851 1 0.58085 0.11619 -0.041756 0.96725 0.96725 -0.041756 0.98269 0.952 -0.042163 -0.027988 0.96725 0.58085 0.96725 -0.21896 0.57343 0.58085 -0.040932 -0.041756 1 0.96725 -0.041756 1 -0.040932 -0.040932 -0.022986 1 0.58085 -0.1839 0.96725 -0.14009 -0.041756 -0.088966 0.96725 1 -0.042163 0.96725 1 0.96725 -0.1839 -0.041756 1 0.96725 0.96725 1 0.96725 1 -0.16516 0.14009 -0.052919 -0.042163 -0.042163 -0.18426 -0.041756 -0.18426 0.58085 0.58085 0.1311 -0.1395 -0.052919 -0.052919 -0.042163 1 -0.15615 -0.046078 -0.040932 0.75095 1 -0.040932 0.14009 1 1 0.58085 1 -0.018434 0.58085 1 -0.039244 0.58085 0.58085 1 0.58085 -0.042163 0.66165 -0.041756 0.58085 0.58085 -0.040932 0.58085 -0.16516 0.58085 0.58085 -0.16516 0.58085 -0.16516 0.57711 1 0.58085 1 -0.076528 1 0.14009 0.14009 0.58085 -0.18426 0.14009 -0.040932 1 0.58085 1 -0.041756 -0.18426 1 -0.068134 0.58085 0.58085 -0.029116 1 -0.040932 0.7024 -0.13573 0.14214 -0.040932
-0.071887 0.14192 -0.063003 0.14192 0.088746 0.088746 0.18377 0.14244 0.14192 -0.20944 -0.7187 -0.19369 0.19957 0.76521 0.60051 0.58085 -0.044072 1 0.60051 0.60051 -0.087508 0.58085 1 -0.37619 0.58085 1 0.20003 0.75716 0.60051 0.60051 0.75716 0.57079 0.58996 -0.072588 -0.048185 0.60051 1 0.60051 -0.36961 0.98723 1 0.77349 0.78905 0.58085 0.60051 0.78905 0.58085 0.77349 0.77349 -0.039573 0.58085 1 -0.3166 0.60051 -0.24118 0.75716 -0.15317 0.60051 0.58085 -0.072588 0.60051 0.58085 0.60051 -0.3166 0.78905 0.58085 0.60051 0.60051 0.58085 0.60051 0.58085 -0.28434 0.24118 -0.091106 -0.072588 -0.072588 -0.31723 0.78905 -0.31723 1 1 0.23891 -0.24017 -0.091106 -0.091106 -0.072588 0.58085 -0.21818 -0.07933 0.77349 0.41643 0.58085 0.77349 0.24118 0.58085 0.58085 1 0.58085 -0.031736 1 0.58085 -0.067563 1 1 0.58085 1 -0.072588 0.87788 0.78905 1 1 0.77349 1 -0.28434 1 1 -0.28434 1 -0.28434 0.99356 0.58085 1 0.58085 -0.13175 0.58085 0.24118 0.24118 1 -0.31723 0.24118 0.77349 0.58085 1 0.58085 0.78905 -0.31723 0.58085 -0.1173 1 1 -0.050126 0.58085 0.77349 0.52109 -0.23368 0.24472 0.77349
0.18206 0.7655 -0.24996 0.7655 0.029402 0.029402 0.036922 0.76292 0.7655 0.92614 0.30544 0.89953 0.82402 -0.2848 -0.2259 -0.21851 -0.18198 -0.37619 -0.2259 -0.2259 -0.36133 -0.21851 -0.37619 1 -0.21851 -0.37619 0.82596 -0.29683 -0.2259 -0.2259 -0.29683 -0.21472 -0.21809 0.19296 -0.19896 -0.2259 -0.37619 -0.2259 0.99792 -0.38105 -0.37619 -0.29097 -0.29683 -0.21851 -0.2259 -0.29683 -0.21851 -0.29097 -0.29097 0.1052 -0.21851 -0.37619 0.84161 -0.2259 -0.64088 -0.29683 0.40716 -0.2259 -0.21851 0.19296 -0.2259 -0.21851 -0.2259 0.84161 -0.29683 -0.21851 -0.2259 -0.2259 -0.21851 -0.2259 -0.21851 0.75586 0.64506 0.24218 0.19296 0.19296 0.84329 -0.29683 0.84329 -0.37619 -0.37619 0.63011 -0.64058 0.24218 0.24218 0.19296 -0.21851 0.32509 -0.32756 -0.29097 -0.088616 -0.21851 -0.29097 0.64506 -0.21851 -0.21851 -0.37619 -0.21851 -0.13104 -0.37619 -0.21851 -0.27898 -0.37619 -0.37619 -0.21851 -0.37619 0.19296 -0.33024 -0.29683 -0.37619 -0.37619 -0.29097 -0.37619 0.75586 -0.37619 -0.37619 0.75586 -0.37619 0.75586 -0.3713 -0.21851 -0.37619 -0.21851 -0.54402 -0.21851 0.64506 0.64506 -0.37619 0.84329 0.64506 -0.29097 -0.21851 -0.37619 -0.21851 -0.29683 0.84329 -0.21851 0.31182 -0.37619 -0.37619 0.13325 -0.21851 -0.29097 -0.26775 0.61697 0.63164 -0.29097
-0.041756 0.04538 -0.036595 0.04538 -0.038378 -0.038378 0.38181 0.045719 0.04538 0.082115 0.042967 0.11608 0.11592 -0.041345 0.96725 1 -0.025599 0.58085 0.96725 0.96725 -0.050829 1 0.58085 -0.21851 1 0.58085 0.11619 -0.041756 0.96725 0.96725 -0.041756 0.98269 0.952 -0.042163 -0.027988 0.96725 0.58085 0.96725 -0.21896 0.57343 0.58085 -0.040932 -0.041756 1 0.96725 -0.041756 1 -0.040932 -0.040932 -0.022986 1 0.58085 -0.1839 0.96725 -0.14009 -0.041756 -0.088966 0.96725 1 -0.042163 0.96725 1 0.96725 -0.1839 -0.041756 1 0.96725 0.96725 1 0.96725 1 -0.16516 0.14009 -0.052919 -0.042163 -0.042163 -0.18426 -0.041756 -0.18426 0.58085 0.58085 0.1311 -0.1395 -0.052919 -0.052919 -0.042163 1 -0.15615 -0.046078 -0.040932 0.75095 1 -0.040932 0.14009 1 1 0.58085 1 -0.018434 0.58085 1 -0.039244 0.58085 0.58085 1 0.58085 -0.042163 0.66165 -0.041756 0.58085 0.58085 -0.040932 0.58085 -0.16516 0.58085 0.58085 -0.16516 0.58085 -0.16516 0.57711 1 0.58085 1 -0.076528 1 0.14009 0.14009 0.58085 -0.18426 0.14009 -0.040932 1 0.58085 1 -0.041756 -0.18426 1 -0.068134 0.58085 0.58085 -0.029116 1 -0.040932 0.7024 -0.13573 0.14214 -0.040932
-0.071887 0.14192 -0.063003 0.14192 0.088746 0.088746 0.18377 0.14244 0.14192 -0.20944 -0.7187 -0.19369 0.19957 0.76521 0.60051 0.58085 -0.044072 1 0.60051 0.60051 -0.087508 0.58085 1 -0.37619 0.58085 1 0.20003 0.75716 0.60051 0.60051 0.75716 0.57079 0.58996 -0.072588 -0.048185 0.60051 1 0.60051 -0.36961 0.98723 1 0.77349 0.78905 0.58085 0.60051 0.78905 0.58085 0.77349 0.77349 -0.039573 0.58085 1 -0.3166 0.60051 -0.24118 0.75716 -0.15317 0.60051 0.58085 -0.072588 0.60051 0.58085 0.60051 -0.3166 0.78905 0.58085 0.60051 0.60051 0.58085 0.60051 0.58085 -0.28434 0.24118 -0.091106 -0.072588 -0.072588 -0.31723 0.78905 -0.31723 1 1 0.23891 -0.24017 -0.091106 -0.091106 -0.072588 0.58085 -0.21818 -0.07933 0.77349 0.41643 0.58085 0.77349 0.24118 0.58085 0.58085 1 0.58085 -0.031736 1 0.58085 -0.067563 1 1 0.58085 1 -0.072588 0.87788 0.78905 1 1 0.77349 1 -0.28434 1 1 -0.28434 1 -0.28434 0.99356 0.58085 1 0.58085 -0.13175 0.58085 0.24118 0.24118 1 -0.31723 0.24118 0.77349 0.58085 1 0.58085 0.78905 -0.31723 0.58085 -0.1173 1 1 -0.050126 0.58085 0.77349 0.52109 -0.23368 0.24472 0.77349
0.14826 0.89599 -0.30417 0.89599 0.083064 0.083064 0.14783 0.89358 0.89599 0.84723 -0.12507 0.82832 0.99296 0.15629 0.12012 0.11619 -0.22032 0.20003 0.12012 0.12012 -0.43746 0.11619 0.20003 0.82596 0.11619 0.20003 1 0.15784 0.12012 0.12012 0.15784 0.11418 0.12205 0.15938 -0.24088 0.12012 0.20003 0.12012 0.82768 0.20262 0.20003 0.15472 0.15784 0.11619 0.12012 0.15784 0.11619 0.15472 0.15472 0.086887 0.11619 0.20003 0.69513 0.12012 -0.82941 0.15784 0.33629 0.12012 0.11619 0.15938 0.12012 0.11619 0.12012 0.69513 0.15784 0.11619 0.12012 0.12012 0.11619 0.12012 0.11619 0.62431 0.82941 0.20003 0.15938 0.15938 0.69652 0.15784 0.69652 0.20003 0.20003 0.81234 -0.82846 0.20003 0.20003 0.15938 0.11619 0.21645 -0.39658 0.15472 0.15472 0.11619 0.15472 0.82941 0.11619 0.11619 0.20003 0.11619 -0.15866 0.20003 0.11619 -0.33776 0.20003 0.20003 0.11619 0.20003 0.15938 0.17561 0.15784 0.20003 0.20003 0.15472 0.20003 0.62431 0.20003 0.20003 0.62431 0.20003 0.62431 0.20133 0.11619 0.20003 0.11619 -0.65865 0.11619 0.82941 0.82941 0.20003 0.69652 0.82941 0.15472 0.11619 0.20003 0.11619 0.15784 0.69652 0.11619 0.25755 0.20003 0.20003 0.11006 0.11619 0.15472 0.027608 0.50861 0.81741 0.15472
-0.056723 0.13016 -0.049712 0.13016 0.13789 0.13789 -0.062595 0.13055 0.13016 -0.31904 -0.93364 -0.32535 0.15747 0.97044 -0.043169 -0.041756 -0.034775 0.75716 -0.043169 -0.043169 -0.069048 -0.041756 0.75716 -0.29683 -0.041756 0.75716 0.15784 1 -0.043169 -0.043169 1 -0.041033 -0.043861 -0.057276 -0.03802 -0.043169 0.75716 -0.043169 -0.29745 0.77897 0.75716 0.98028 0.96086 -0.041756 -0.043169 0.96086 -0.041756 0.98028 0.98028 -0.031225 -0.041756 0.75716 -0.24981 -0.043169 -0.1903 1 -0.12086 -0.043169 -0.041756 -0.057276 -0.043169 -0.041756 -0.043169 -0.24981 0.96086 -0.041756 -0.043169 -0.043169 -0.041756 -0.043169 -0.041756 -0.22436 0.1903 -0.071887 -0.057276 -0.057276 -0.25031 0.96086 -0.25031 0.75716 0.75716 0.1943 -0.1895 -0.071887 -0.071887 -0.057276 -0.041756 -0.1322 -0.062595 0.98028 -0.055604 -0.041756 0.98028 0.1903 -0.041756 -0.041756 0.75716 -0.041756 -0.025042 0.75716 -0.041756 -0.053311 0.75716 0.75716 -0.041756 0.75716 -0.057276 0.54255 0.96086 0.75716 0.75716 0.98028 0.75716 -0.22436 0.75716 0.75716 -0.22436 0.75716 -0.22436 0.75225 -0.041756 0.75716 -0.041756 -0.10396 -0.041756 0.1903 0.1903 0.75716 -0.25031 0.1903 0.98028 -0.041756 0.75716 -0.041756 0.96086 -0.25031 -0.041756 -0.092557 0.75716 0.75716 -0.039552 -0.041756 0.98028 0.071948 -0.18438 0.19309 0.98028
-0.043169 0.051107 -0.037834 0.051107 -0.039677 -0.039677 0.36709 0.051452 0.051107 0.064413 0.044422 0.097034 0.11984 -0.042745 1 0.96725 -0.026466 0.60051 1 1 -0.05255 0.96725 0.60051 -0.2259 0.96725 0.60051 0.12012 -0.043169 1 1 -0.043169 0.95051 0.98423 -0.04359 -0.028936 1 0.60051 1 -0.21477 0.59284 0.60051 -0.042318 0.0070949 0.96725 1 0.0070949 0.96725 -0.042318 -0.042318 -0.023764 0.96725 0.60051 -0.19012 1 -0.14483 -0.043169 -0.091978 1 0.96725 -0.04359 1 0.96725 1 -0.19012 0.0070949 0.96725 1 1 0.96725 1 0.96725 -0.17075 0.14483 -0.05471 -0.04359 -0.04359 -0.1905 0.0070949 -0.1905 0.60051 0.60051 0.13631 -0.14422 -0.05471 -0.05471 -0.04359 0.96725 -0.16143 -0.047638 -0.042318 0.7252 0.96725 -0.042318 0.14483 0.96725 0.96725 0.60051 0.96725 -0.019058 0.60051 0.96725 -0.040573 0.60051 0.60051 0.96725 0.60051 -0.04359 0.68405 0.0070949 0.60051 0.60051 -0.042318 0.60051 -0.17075 0.60051 0.60051 -0.17075 0.60051 -0.17075 0.59664 0.96725 0.60051 0.96725 -0.079119 0.96725 0.14483 0.14483 0.60051 -0.1905 0.14483 -0.042318 0.96725 0.60051 0.96725 0.0070949 -0.1905 0.96725 -0.070441 0.60051 0.60051 -0.030101 0.96725 -0.042318 0.72618 -0.14033 0.14696 -0.042318
-0.043169 0.051107 -0.037834 0.051107 -0.039677 -0.039677 0.36709 0.051452 0.051107 0.064413 0.044422 0.097034 0.11984 -0.042745 1 0.96725 -0.026466 0.60051 1 1 -0.05255 0.96725 0.60051 -0.2259 0.96725 0.60051 0.12012 -0.043169 1 1 -0.043169 0.95051 0.98423 -0.04359 -0.028936 1 0.60051 1 -0.21477 0.59284 0.60051 -0.042318 0.0070949 0.96725 1 0.0070949 0.96725 -0.042318 -0.042318 -0.023764 0.96725 0.60051 -0.19012 1 -0.14483 -0.043169 -0.091978 1 0.96725 -0.04359 1 0.96725 1 -0.19012 0.0070949 0.96725 1 1 0.96725 1 0.96725 -0.17075 0.14483 -0.05471 -0.04359 -0.04359 -0.1905 0.0070949 -0.1905 0.60051 0.60051 0.13631 -0.14422 -0.05471 -0.05471 -0.04359 0.96725 -0.16143 -0.047638 -0.042318 0.7252 0.96725 -0.042318 0.14483 0.96725 0.96725 0.60051 0.96725 -0.019058 0.60051 0.96725 -0.040573 0.60051 0.60051 0.96725 0.60051 -0.04359 0.68405 0.0070949 0.60051 0.60051 -0.042318 0.60051 -0.17075 0.60051 0.60051 -0.17075 0.60051 -0.17075 0.59664 0.96725 0.60051 0.96725 -0.079119 0.96725 0.14483 0.14483 0.60051 -0.1905 0.14483 -0.042318 0.96725 0.60051 0.96725 0.0070949 -0.1905 0.96725 -0.070441 0.60051 0.60051 -0.030101 0.96725 -0.042318 0.72618 -0.14033 0.14696 -0.042318
-0.056723 0.13016 -0.049712 0.13016 0.13789 0.13789 -0.062595 0.13055 0.13016 -0.31904 -0.93364 -0.32535 0.15747 0.97044 -0.043169 -0.041756 -0.034775 0.75716 -0.043169 -0.043169 -0.069048 -0.041756 0.75716 -0.29683 -0.041756 0.75716 0.15784 1 -0.043169 -0.043169 1 -0.041033 -0.043861 -0.057276 -0.03802 -0.043169 0.75716 -0.043169 -0.29745 0.77897 0.75716 0.98028 0.96086 -0.041756 -0.043169 0.96086 -0.041756 0.98028 0.98028 -0.031225 -0.041756 0.75716 -0.24981 -0.043169 -0.1903 1 -0.12086 -0.043169 -0.041756 -0.057276 -0.043169 -0.041756 -0.043169 -0.24981 0.96086 -0.041756 -0.043169 -0.043169 -0.041756 -0.043169 -0.041756 -0.22436 0.1903 -0.071887 -0.057276 -0.057276 -0.25031 0.96086 -0.25031 0.75716 0.75716 0.1943 -0.1895 -0.071887 -0.071887 -0.057276 -0.041756 -0.1322 -0.062595 0.98028 -0.055604 -0.041756 0.98028 0.1903 -0.041756 -0.041756 0.75716 -0.041756 -0.025042 0.75716 -0.041756 -0.053311 0.75716 0.75716 -0.041756 0.75716 -0.057276 0.54255 0.96086 0.75716 0.75716 0.98028 0.75716 -0.22436 0.75716 0.75716 -0.22436 0.75716 -0.22436 0.75225 -0.041756 0.75716 -0.041756 -0.10396 -0.041756 0.1903 0.1903 0.75716 -0.25031 0.1903 0.98028 -0.041756 0.75716 -0.041756 0.96086 -0.25031 -0.041756 -0.092557 0.75716 0.75716 -0.039552 -0.041756 0.98028 0.071948 -0.18438 0.19309 0.98028
-0.041033 0.042397 -0.035962 0.042397 -0.037713 -0.037713 0.36554 0.042732 0.042397 0.079041 0.042224 0.11366 0.11391 -0.04063 0.95051 0.98269 -0.025156 0.57079 0.95051 0.95051 -0.049949 0.98269 0.57079 -0.21472 0.98269 0.57079 0.11418 -0.041033 0.95051 0.95051 -0.041033 1 0.93552 -0.041433 -0.027503 0.95051 0.57079 0.95051 -0.21517 0.5635 0.57079 -0.040223 -0.041033 0.98269 0.95051 -0.041033 0.98269 -0.040223 -0.040223 -0.022588 0.98269 0.57079 -0.18071 0.95051 -0.13766 -0.041033 -0.087426 0.95051 0.98269 -0.041433 0.95051 0.98269 0.95051 -0.18071 -0.041033 0.98269 0.95051 0.95051 0.98269 0.95051 0.98269 -0.1623 0.13766 -0.052003 -0.041433 -0.041433 -0.18107 -0.041033 -0.18107 0.57079 0.57079 0.12843 -0.13709 -0.052003 -0.052003 -0.041433 0.98269 -0.15344 -0.045281 -0.040223 0.73795 0.98269 -0.040223 0.13766 0.98269 0.98269 0.57079 0.98269 -0.018115 0.57079 0.98269 -0.038565 0.57079 0.57079 0.98269 0.57079 -0.041433 0.6502 -0.041033 0.57079 0.57079 -0.040223 0.57079 -0.1623 0.57079 0.57079 -0.1623 0.57079 -0.1623 0.56712 0.98269 0.57079 0.98269 -0.075203 0.98269 0.13766 0.13766 0.57079 -0.18107 0.13766 -0.040223 0.98269 0.57079 0.98269 -0.041033 -0.18107 0.98269 -0.066955 0.57079 0.57079 -0.028612 0.98269 -0.040223 0.69024 -0.13338 0.13968 -0.040223
