1 0.97917 -0.029378 -0.10384 -0.069298 -0.1343 -0.032912 -0.10458 -0.10458 -0.036891 -0.069298 -0.18632 -0.10421 -0.1031 -0.1031 -0.024298 -0.10421 -0.036127 -0.025391 -0.10421 -0.024298 -0.10421 -0.037641 -0.10605 -0.17808 -0.10495 -0.032063 0.027453 -0.17808 -0.024298 -0.10347 -0.10458 -0.10458 0.084649 -0.10458 -0.10458 -0.033742 -0.061234 -0.10384 -0.033742 -0.10458 -0.035348 -0.12971
0.97917 1 -0.028766 -0.10168 -0.067855 -0.13151 -0.032227 -0.1024 -0.1024 -0.036122 -0.067855 -0.20032 -0.10204 -0.10095 -0.10095 -0.023792 -0.10204 -0.035375 -0.024862 -0.10204 -0.023792 -0.10204 -0.036857 -0.10384 -0.19235 -0.10276 -0.031395 0.026881 -0.19235 -0.023792 -0.10132 -0.1024 -0.1024 0.081943 -0.1024 -0.1024 -0.03304 -0.059958 -0.10168 -0.03304 -0.1024 -0.034612 -0.127
-0.029378 -0.028766 1 -0.057125 0.42394 0.21874 0.89262 -0.05753 -0.05753 -0.020294 0.42394 -0.11254 -0.057328 -0.056718 -0.056718 -0.013367 -0.057328 -0.019874 -0.013968 -0.057328 -0.013367 -0.057328 -0.020707 -0.058339 -0.10807 -0.057733 -0.017638 0.015103 -0.10807 -0.013367 -0.056921 -0.05753 -0.05753 0.059546 -0.05753 -0.05753 0.87066 -0.033686 -0.057125 0.87066 -0.05753 -0.019446 -0.071354
-0.10384 -0.10168 -0.057125 1 -0.13475 0.77317 -0.063997 0.99295 0.99295 0.35527 -0.13475 -0.39779 0.98936 0.99288 0.99288 0.23399 0.98936 -0.070247 0.24452 0.98936 0.23399 0.98936 0.36249 0.97216 -0.38197 0.9824 -0.062345 0.053381 -0.38197 0.23399 0.98931 0.98587 0.98587 0.21047 0.98587 0.98587 -0.06561 -0.10833 0.97866 -0.06561 0.98587 0.34041 0.80058
-0.069298 -0.067855 0.42394 -0.13475 1 0.51598 0.47494 -0.1357 -0.1357 -0.047871 0.98687 -0.26547 -0.13523 -0.13379 -0.13379 -0.03153 -0.13523 0.49765 -0.032948 -0.13523 -0.03153 -0.13523 -0.048844 -0.12808 -0.24759 -0.12659 -0.041606 0.035624 -0.24759 -0.03153 -0.12458 -0.12609 -0.12609 0.13105 -0.12609 -0.12609 0.46164 0.76689 -0.12508 0.46164 -0.12609 -0.04587 0.35651
-0.1343 -0.13151 0.21874 0.77317 0.51598 1 0.24506 0.77866 0.77866 0.27468 0.50766 -0.51449 0.77591 0.76766 0.76766 0.18092 0.77591 0.254 0.18906 0.77591 0.18092 0.77591 0.28026 0.76546 -0.4894 0.77532 -0.080635 0.069042 -0.4894 0.18092 0.77041 0.77866 0.77866 0.26626 0.77866 0.77866 0.23523 0.39124 0.77317 0.23523 0.77866 0.2632 0.92287
-0.032912 -0.032227 0.89262 -0.063997 0.47494 0.24506 1 -0.064451 -0.064451 -0.022736 0.47494 -0.12608 -0.064224 -0.063541 -0.063541 -0.014975 -0.064224 -0.022265 -0.015649 -0.064224 -0.014975 -0.064224 -0.023198 -0.065357 -0.12107 -0.064678 -0.01976 0.016919 -0.12107 -0.014975 -0.063769 -0.064451 -0.064451 0.06671 -0.064451 -0.064451 0.97541 -0.037738 -0.063997 0.97541 -0.064451 -0.021785 -0.079938
-0.10458 -0.1024 -0.05753 0.99295 -0.1357 0.77866 -0.064451 1 1 0.35276 -0.1357 -0.40061 0.99648 0.98588 0.98588 0.23234 0.99648 -0.070746 0.2428 0.99648 0.23234 0.99648 0.35993 0.97915 -0.38468 0.98946 -0.062787 0.05376 -0.38468 0.23234 0.98232 0.99295 0.99295 0.21197 0.99295 0.99295 -0.066076 -0.10922 0.98587 -0.066076 0.99295 0.33801 0.80626
-0.10458 -0.1024 -0.05753 0.99295 -0.1357 0.77866 -0.064451 1 1 0.35276 -0.1357 -0.40061 0.99648 0.98588 0.98588 0.23234 0.99648 -0.070746 0.2428 0.99648 0.23234 0.99648 0.35993 0.97915 -0.38468 0.98946 -0.062787 0.05376 -0.38468 0.23234 0.98232 0.99295 0.99295 0.21197 0.99295 0.99295 -0.066076 -0.10922 0.98587 -0.066076 0.99295 0.33801 0.80626
-0.036891 -0.036122 -0.020294 0.35527 -0.047871 0.27468 -0.022736 0.35276 0.35276 1 -0.047871 -0.14132 0.33697 0.34065 0.34065 -0.016785 0.33697 -0.024957 -0.01754 0.33697 -0.016785 0.33697 -0.026002 0.33102 -0.1357 0.33456 -0.022149 0.018965 -0.1357 -0.016785 0.33942 0.33576 0.33576 0.074774 0.33576 0.33576 -0.023309 -0.01651 0.33819 -0.023309 0.33576 -0.024419 0.28442
-0.069298 -0.067855 0.42394 -0.13475 0.98687 0.50766 0.47494 -0.1357 -0.1357 -0.047871 1 -0.26547 -0.13523 -0.13379 -0.13379 -0.03153 -0.13523 0.52133 -0.032948 -0.13523 -0.03153 -0.13523 -0.048844 -0.12808 -0.24759 -0.12659 -0.041606 0.035624 -0.24759 -0.03153 -0.12458 -0.12609 -0.12609 0.14046 -0.12609 -0.12609 0.46164 0.78148 -0.12508 0.46164 -0.12609 -0.04587 0.35651
-0.18632 -0.20032 -0.11254 -0.39779 -0.26547 -0.51449 -0.12608 -0.40061 -0.40061 -0.14132 -0.26547 1 -0.3992 -0.39496 -0.39496 -0.09308 -0.3992 -0.1384 -0.097268 -0.3992 -0.09308 -0.3992 -0.14419 -0.38511 0.95212 -0.3967 0.15673 0.10517 0.94806 -0.09308 -0.39637 -0.40061 -0.40061 0.40944 -0.40061 -0.40061 -0.11525 -0.22648 -0.39779 -0.11525 -0.40061 -0.13541 -0.48749
-0.10421 -0.10204 -0.057328 0.98936 -0.13523 0.77591 -0.064224 0.99648 0.99648 0.33697 -0.13523 -0.3992 1 0.98936 0.98936 0.23317 1 -0.070497 0.24366 1 0.23317 1 0.3612 0.98266 -0.38333 0.99298 -0.062566 0.053571 -0.38333 0.23317 0.9858 0.99648 0.99648 0.21122 0.99648 0.99648 -0.065843 -0.11949 0.98936 -0.065843 0.99648 0.33921 0.80342
-0.1031 -0.10095 -0.056718 0.99288 -0.13379 0.76766 -0.063541 0.98588 0.98588 0.34065 -0.13379 -0.39496 0.98936 1 1 0.23567 0.98936 -0.069747 0.24627 0.98936 0.23567 0.98936 0.36509 0.97221 -0.37925 0.98242 -0.061901 0.053001 -0.37925 0.23567 0.99643 0.98588 0.98588 0.20897 0.98588 0.98588 -0.065143 -0.11822 0.97859 -0.065143 0.98588 0.34285 0.79488
-0.1031 -0.10095 -0.056718 0.99288 -0.13379 0.76766 -0.063541 0.98588 0.98588 0.34065 -0.13379 -0.39496 0.98936 1 1 0.23567 0.98936 -0.069747 0.24627 0.98936 0.23567 0.98936 0.36509 0.97221 -0.37925 0.98242 -0.061901 0.053001 -0.37925 0.23567 0.99643 0.98588 0.98588 0.20897 0.98588 0.98588 -0.065143 -0.11822 0.97859 -0.065143 0.98588 0.34285 0.79488
-0.024298 -0.023792 -0.013367 0.23399 -0.03153 0.18092 -0.014975 0.23234 0.23234 -0.016785 -0.03153 -0.09308 0.23317 0.23567 0.23567 1 0.23317 -0.016437 -0.011553 0.23317 1 0.23317 -0.017126 0.22912 -0.089379 0.23153 -0.014588 0.012491 -0.089379 1 0.23483 0.23234 0.23234 0.049249 0.23234 0.23234 -0.015352 -0.027861 0.20843 -0.015352 0.23234 -0.016083 0.18733
-0.10421 -0.10204 -0.057328 0.98936 -0.13523 0.77591 -0.064224 0.99648 0.99648 0.33697 -0.13523 -0.3992 1 0.98936 0.98936 0.23317 1 -0.070497 0.24366 1 0.23317 1 0.3612 0.98266 -0.38333 0.99298 -0.062566 0.053571 -0.38333 0.23317 0.9858 0.99648 0.99648 0.21122 0.99648 0.99648 -0.065843 -0.11949 0.98936 -0.065843 0.99648 0.33921 0.80342
-0.036127 -0.035375 -0.019874 -0.070247 0.49765 0.254 -0.022265 -0.070746 -0.070746 -0.024957 0.52133 -0.1384 -0.070497 -0.069747 -0.069747 -0.016437 -0.070497 1 -0.017177 -0.070497 -0.016437 -0.070497 -0.025464 -0.071741 -0.13289 -0.070996 -0.02169 0.018572 -0.13289 -0.016437 -0.069997 -0.070746 -0.070746 0.073225 -0.070746 -0.070746 -0.022827 0.58999 -0.070247 -0.022827 -0.070746 -0.023913 0.27853
-0.025391 -0.024862 -0.013968 0.24452 -0.032948 0.18906 -0.015649 0.2428 0.2428 -0.01754 -0.032948 -0.097268 0.24366 0.24627 0.24627 -0.011553 0.24366 -0.017177 1 0.24366 -0.011553 0.24366 -0.017897 0.23943 -0.0934 0.24194 -0.015245 0.013053 -0.0934 -0.011553 0.24539 0.2428 0.2428 0.051465 0.2428 0.2428 -0.016043 -0.029114 0.24452 -0.016043 0.2428 -0.016807 0.19576
-0.10421 -0.10204 -0.057328 0.98936 -0.13523 0.77591 -0.064224 0.99648 0.99648 0.33697 -0.13523 -0.3992 1 0.98936 0.98936 0.23317 1 -0.070497 0.24366 1 0.23317 1 0.3612 0.98266 -0.38333 0.99298 -0.062566 0.053571 -0.38333 0.23317 0.9858 0.99648 0.99648 0.21122 0.99648 0.99648 -0.065843 -0.11949 0.98936 -0.065843 0.99648 0.33921 0.80342
-0.024298 -0.023792 -0.013367 0.23399 -0.03153 0.18092 -0.014975 0.23234 0.23234 -0.016785 -0.03153 -0.09308 0.23317 0.23567 0.23567 1 0.23317 -0.016437 -0.011553 0.23317 1 0.23317 -0.017126 0.22912 -0.089379 0.23153 -0.014588 0.012491 -0.089379 1 0.23483 0.23234 0.23234 0.049249 0.23234 0.23234 -0.015352 -0.027861 0.20843 -0.015352 0.23234 -0.016083 0.18733
-0.10421 -0.10204 -0.057328 0.98936 -0.13523 0.77591 -0.064224 0.99648 0.99648 0.33697 -0.13523 -0.3992 1 0.98936 0.98936 0.23317 1 -0.070497 0.24366 1 0.23317 1 0.3612 0.98266 -0.38333 0.99298 -0.062566 0.053571 -0.38333 0.23317 0.9858 0.99648 0.99648 0.21122 0.99648 0.99648 -0.065843 -0.11949 0.98936 -0.065843 0.99648 0.33921 0.80342
-0.037641 -0.036857 -0.020707 0.36249 -0.048844 0.28026 -0.023198 0.35993 0.35993 -0.026002 -0.048844 -0.14419 0.3612 0.36509 0.36509 -0.017126 0.3612 -0.025464 -0.017897 0.3612 -0.017126 0.3612 1 0.35494 -0.13846 0.35867 -0.022599 0.01935 -0.13846 -0.017126 0.36378 0.35993 0.35993 0.076293 0.35993 0.35993 -0.023783 -0.04316 0.36249 -0.023783 0.35993 -0.024915 0.2902
-0.10605 -0.10384 -0.058339 0.97216 -0.12808 0.76546 -0.065357 0.97915 0.97915 0.33102 -0.12808 -0.38511 0.98266 0.97221 0.97221 0.22912 0.98266 -0.071741 0.23943 0.98266 0.22912 0.98266 0.35494 1 -0.36884 0.98264 -0.06367 0.054516 -0.36884 0.22912 0.9757 0.98613 0.98613 0.21495 0.98613 0.98613 -0.067005 -0.1216 0.97918 -0.067005 0.98613 0.33333 0.79302
-0.17808 -0.19235 -0.10807 -0.38197 -0.24759 -0.4894 -0.12107 -0.38468 -0.38468 -0.1357 -0.24759 0.95212 -0.38333 -0.37925 -0.37925 -0.089379 -0.38333 -0.13289 -0.0934 -0.38333 -0.089379 -0.38333 -0.13846 -0.36884 1 -0.38069 -0.11794 0.10099 0.99592 -0.089379 -0.38061 -0.38468 -0.38468 0.39816 -0.38468 -0.38468 -0.12412 -0.22525 -0.38197 -0.12412 -0.38468 -0.13003 -0.4724
-0.10495 -0.10276 -0.057733 0.9824 -0.12659 0.77532 -0.064678 0.98946 0.98946 0.33456 -0.12659 -0.3967 0.99298 0.98242 0.98242 0.23153 0.99298 -0.070996 0.24194 0.99298 0.23153 0.99298 0.35867 0.98264 -0.38069 1 -0.063009 0.05395 -0.38069 0.23153 0.98594 0.99649 0.99649 0.21271 0.99649 0.99649 -0.066309 -0.12033 0.98946 -0.066309 0.99649 0.33683 0.80292
-0.032063 -0.031395 -0.017638 -0.062345 -0.041606 -0.080635 -0.01976 -0.062787 -0.062787 -0.022149 -0.041606 0.15673 -0.062566 -0.061901 -0.061901 -0.014588 -0.062566 -0.02169 -0.015245 -0.062566 -0.014588 -0.062566 -0.022599 -0.06367 -0.11794 -0.063009 1 0.016483 -0.11794 -0.014588 -0.062123 -0.062787 -0.062787 0.064988 -0.062787 -0.062787 -0.020259 -0.036764 -0.062345 -0.020259 -0.062787 -0.021223 -0.077875
0.027453 0.026881 0.015103 0.053381 0.035624 0.069042 0.016919 0.05376 0.05376 0.018965 0.035624 0.10517 0.053571 0.053001 0.053001 0.012491 0.053571 0.018572 0.013053 0.053571 0.012491 0.053571 0.01935 0.054516 0.10099 0.05395 0.016483 1 0.10099 0.012491 0.053191 0.05376 0.05376 0.25363 0.05376 0.05376 0.017346 0.031479 0.053381 0.017346 0.05376 0.018172 0.066679
-0.17808 -0.19235 -0.10807 -0.38197 -0.24759 -0.4894 -0.12107 -0.38468 -0.38468 -0.1357 -0.24759 0.94806 -0.38333 -0.37925 -0.37925 -0.089379 -0.38333 -0.13289 -0.0934 -0.38333 -0.089379 -0.38333 -0.13846 -0.36884 0.99592 -0.38069 -0.11794 0.10099 1 -0.089379 -0.38061 -0.38468 -0.38468 0.39816 -0.38468 -0.38468 -0.12412 -0.22525 -0.38197 -0.12412 -0.38468 -0.13003 -0.4724
-0.024298 -0.023792 -0.013367 0.23399 -0.03153 0.18092 -0.014975 0.23234 0.23234 -0.016785 -0.03153 -0.09308 0.23317 0.23567 0.23567 1 0.23317 -0.016437 -0.011553 0.23317 1 0.23317 -0.017126 0.22912 -0.089379 0.23153 -0.014588 0.012491 -0.089379 1 0.23483 0.23234 0.23234 0.049249 0.23234 0.23234 -0.015352 -0.027861 0.20843 -0.015352 0.23234 -0.016083 0.18733
-0.10347 -0.10132 -0.056921 0.98931 -0.12458 0.77041 -0.063769 0.98232 0.98232 0.33942 -0.12458 -0.39637 0.9858 0.99643 0.99643 0.23483 0.9858 -0.069997 0.24539 0.9858 0.23483 0.9858 0.36378 0.9757 -0.38061 0.98594 -0.062123 0.053191 -0.38061 0.23483 1 0.98941 0.98941 0.20972 0.98941 0.98941 -0.065377 -0.11864 0.98218 -0.065377 0.98941 0.34163 0.79773
-0.10458 -0.1024 -0.05753 0.98587 -0.12609 0.77866 -0.064451 0.99295 0.99295 0.33576 -0.12609 -0.40061 0.99648 0.98588 0.98588 0.23234 0.99648 -0.070746 0.2428 0.99648 0.23234 0.99648 0.35993 0.98613 -0.38468 0.99649 -0.062787 0.05376 -0.38468 0.23234 0.98941 1 1 0.21197 1 1 -0.066076 -0.11991 0.99295 -0.066076 1 0.33801 0.80626
-0.10458 -0.1024 -0.05753 0.98587 -0.12609 0.77866 -0.064451 0.99295 0.99295 0.33576 -0.12609 -0.40061 0.99648 0.98588 0.98588 0.23234 0.99648 -0.070746 0.2428 0.99648 0.23234 0.99648 0.35993 0.98613 -0.38468 0.99649 -0.062787 0.05376 -0.38468 0.23234 0.98941 1 1 0.21197 1 1 -0.066076 -0.11991 0.99295 -0.066076 1 0.33801 0.80626
0.084649 0.081943 0.059546 0.21047 0.13105 0.26626 0.06671 0.21197 0.21197 0.074774 0.14046 0.40944 0.21122 0.20897 0.20897 0.049249 0.21122 0.073225 0.051465 0.21122 0.049249 0.21122 0.076293 0.21495 0.39816 0.21271 0.064988 0.25363 0.39816 0.049249 0.20972 0.21197 0.21197 1 0.21197 0.21197 0.068392 0.12411 0.21047 0.068392 0.21197 0.071647 0.25684
-0.10458 -0.1024 -0.05753 0.98587 -0.12609 0.77866 -0.064451 0.99295 0.99295 0.33576 -0.12609 -0.40061 0.99648 0.98588 0.98588 0.23234 0.99648 -0.070746 0.2428 0.99648 0.23234 0.99648 0.35993 0.98613 -0.38468 0.99649 -0.062787 0.05376 -0.38468 0.23234 0.98941 1 1 0.21197 1 1 -0.066076 -0.11991 0.99295 -0.066076 1 0.33801 0.80626
-0.10458 -0.1024 -0.05753 0.98587 -0.12609 0.77866 -0.064451 0.99295 0.99295 0.33576 -0.12609 -0.40061 0.99648 0.98588 0.98588 0.23234 0.99648 -0.070746 0.2428 0.99648 0.23234 0.99648 0.35993 0.98613 -0.38468 0.99649 -0.062787 0.05376 -0.38468 0.23234 0.98941 1 1 0.21197 1 1 -0.066076 -0.11991 0.99295 -0.066076 1 0.33801 0.80626
-0.033742 -0.03304 0.87066 -0.06561 0.46164 0.23523 0.97541 -0.066076 -0.066076 -0.023309 0.46164 -0.11525 -0.065843 -0.065143 -0.065143 -0.015352 -0.065843 -0.022827 -0.016043 -0.065843 -0.015352 -0.065843 -0.023783 -0.067005 -0.12412 -0.066309 -0.020259 0.017346 -0.12412 -0.015352 -0.065377 -0.066076 -0.066076 0.068392 -0.066076 -0.066076 1 -0.03869 -0.06561 1 -0.066076 -0.022335 -0.081954
-0.061234 -0.059958 -0.033686 -0.10833 0.76689 0.39124 -0.037738 -0.10922 -0.10922 -0.01651 0.78148 -0.22648 -0.11949 -0.11822 -0.11822 -0.027861 -0.11949 0.58999 -0.029114 -0.11949 -0.027861 -0.11949 -0.04316 -0.1216 -0.22525 -0.12033 -0.036764 0.031479 -0.22525 -0.027861 -0.11864 -0.11991 -0.11991 0.12411 -0.11991 -0.11991 -0.03869 1 -0.11907 -0.03869 -0.11991 -0.040532 0.4721
-0.10384 -0.10168 -0.057125 0.97866 -0.12508 0.77317 -0.063997 0.98587 0.98587 0.33819 -0.12508 -0.39779 0.98936 0.97859 0.97859 0.20843 0.98936 -0.070247 0.24452 0.98936 0.20843 0.98936 0.36249 0.97918 -0.38197 0.98946 -0.062345 0.053381 -0.38197 0.20843 0.98218 0.99295 0.99295 0.21047 0.99295 0.99295 -0.06561 -0.11907 1 -0.06561 0.99295 0.34041 0.80058
-0.033742 -0.03304 0.87066 -0.06561 0.46164 0.23523 0.97541 -0.066076 -0.066076 -0.023309 0.46164 -0.11525 -0.065843 -0.065143 -0.065143 -0.015352 -0.065843 -0.022827 -0.016043 -0.065843 -0.015352 -0.065843 -0.023783 -0.067005 -0.12412 -0.066309 -0.020259 0.017346 -0.12412 -0.015352 -0.065377 -0.066076 -0.066076 0.068392 -0.066076 -0.066076 1 -0.03869 -0.06561 1 -0.066076 -0.022335 -0.081954
-0.10458 -0.1024 -0.05753 0.98587 -0.12609 0.77866 -0.064451 0.99295 0.99295 0.33576 -0.12609 -0.40061 0.99648 0.98588 0.98588 0.23234 0.99648 -0.070746 0.2428 0.99648 0.23234 0.99648 0.35993 0.98613 -0.38468 0.99649 -0.062787 0.05376 -0.38468 0.23234 0.98941 1 1 0.21197 1 1 -0.066076 -0.11991 0.99295 -0.066076 1 0.33801 0.80626
-0.035348 -0.034612 -0.019446 0.34041 -0.04587 0.2632 -0.021785 0.33801 0.33801 -0.024419 -0.04587 -0.13541 0.33921 0.34285 0.34285 -0.016083 0.33921 -0.023913 -0.016807 0.33921 -0.016083 0.33921 -0.024915 0.33333 -0.13003 0.33683 -0.021223 0.018172 -0.13003 -0.016083 0.34163 0.33801 0.33801 0.071647 0.33801 0.33801 -0.022335 -0.040532 0.34041 -0.022335 0.33801 1 0.27253
-0.12971 -0.127 -0.071354 0.80058 0.35651 0.92287 -0.079938 0.80626 0.80626 0.28442 0.35651 -0.48749 0.80342 0.79488 0.79488 0.18733 0.80342 0.27853 0.19576 0.80342 0.18733 0.80342 0.2902 0.79302 -0.4724 0.80292 -0.077875 0.066679 -0.4724 0.18733 0.79773 0.80626 0.80626 0.25684 0.80626 0.80626 -0.081954 0.4721 0.80058 -0.081954 0.80626 0.27253 1
