1 0.20794 -0.33251 -0.0018495 -0.33251 0.7164 -0.33181 0.70725 0.62996 -0.33181 -0.33181 -0.33181 -0.33181 -0.33181 -0.33251 -0.33181 -0.33181 0.7164 0.7164 -0.25426 0.44862 -0.25457 -0.33181 -0.33111 -0.26307 -0.33181 0.20794 -0.26373 -0.10556 -0.33181 -0.33181 -0.11938 -0.26373 0.20794 0.60976 0.7164 -0.33181 -0.33181 0.7164 -0.11938 -0.26373 -0.33181 -0.33181 0.7164 -0.33181 -0.10653 -0.33181 -0.33181 -0.33181 -0.17845 -0.31677 -0.16658 -0.33181 -0.33181 -0.085708 0.7164 0.7164 -0.26438 -0.33111 0.62996 -0.17845 0.20794 -0.33181 -0.33251 -0.33251 0.7164 -0.33251 -0.33251 -0.17963 -0.33251 -0.33251 -0.17963 -0.3297 0.7164 -0.26373 -0.084558 -0.11938 0.20727 -0.33251 0.62996 -0.33251 0.089037 -0.33251 0.62996 -0.33251 -0.33251 0.62996 -0.33251 0.62996 -0.33251 -0.33251 -0.33251 -0.33251 -0.33251 -0.26373 -0.33251 0.48995 -0.33251 0.20727 -0.26373 -0.26373 0.7164 -0.33251 -0.33251 -0.33251 0.7164 -0.33251 0.7164 0.20727 0.39964 -0.33251 -0.33251 -0.26373 -0.33251 -0.33251 0.20727 -0.33251 0.7164 -0.33251 0.62996 -0.33181 0.62996 -0.33181 -0.33251 -0.33251 -0.33251 0.62996 -0.33251 0.7164 -0.33251 -0.33321 0.20727 -0.33251 -0.33251 0.20727 0.62996 -0.33251 0.70725 -0.33251 0.20727 0.70725 0.62996 -0.33251 -0.25275 -0.25275 -0.10653 -0.33251 0.70725 -0.25275 0.70725 -0.25275 0.62996 0.20727 -0.11581 -0.25275 -0.25275 0.70725 -0.33251 0.62996 -0.11581 -0.33251 -0.16658 0.62996 -0.33251 -0.25275 0.20727 0.62996 0.62996 0.61485 -0.33251 -0.33251 -0.33251 -0.24729 -0.33251 -0.33251 -0.25275 0.70725 0.62996 -0.33251 -0.33251 0.20727 0.70725 0.20727 0.54461 0.70725 0.70725 -0.33251 -0.33251 -0.097602 -0.33251 0.71183 0.70725 -0.33251 0.62996 0.70725 -0.25275 -0.32761 -0.33251 -0.33251 0.20727 -0.33251 -0.10653 0.20727 -0.33251 -0.33251 0.20727 -0.33251 0.62996 -0.33251 0.70725 0.20727 -0.33251 0.62996 -0.33251 -0.33251 -0.33251
0.20794 1 0.37961 0.43833 0.37961 0.14897 0.37881 0.14706 0.13324 0.37881 0.37881 0.37881 0.37881 0.37881 0.37961 0.37881 0.37881 0.14897 0.14897 0.29167 0.099146 0.28489 0.37881 0.37801 0.29469 0.37881 0.99359 0.29544 -0.50766 0.37881 0.37881 0.13629 0.29544 0.99359 0.1291 0.14897 0.37881 0.37881 0.14897 0.13629 0.29544 0.37881 0.37881 0.14897 0.37881 -0.51229 0.37881 0.37881 0.37881 0.81319 0.75816 -0.8011 0.37881 0.37881 -0.3991 0.14897 0.14897 0.29056 0.37801 0.13324 0.81319 0.99359 0.37881 0.37961 0.37961 0.14897 0.37961 0.37961 0.8153 0.37961 0.37961 0.8153 0.37641 0.14897 0.29544 -0.40665 0.13629 0.99679 0.37961 0.13324 0.37961 0.34902 0.37961 0.13324 0.37961 0.37961 0.13324 0.37961 0.13324 0.37961 0.37961 0.37961 0.37961 0.37961 0.29544 0.37961 0.41931 0.37961 0.99679 0.29544 0.29544 0.14897 0.37961 0.37961 0.37961 0.14897 0.37961 0.14897 0.99679 0.52032 0.37961 0.37961 0.29544 0.37961 0.37961 0.99679 0.37961 0.14897 0.37961 0.13324 0.37881 0.13324 0.37881 0.37961 0.37961 0.37961 0.13324 0.37961 0.14897 0.37961 0.37521 0.99679 0.37961 0.37961 0.99679 0.13324 0.37961 0.14706 0.37961 0.99679 0.14706 0.13324 0.37961 0.29695 0.29695 -0.51229 0.37961 0.14706 0.29695 0.14706 0.29695 0.13324 0.99679 0.13222 0.29695 0.29695 0.14706 0.37961 0.13324 0.13222 0.37961 -0.8011 0.13324 0.37961 0.29695 0.99679 0.13324 0.13324 0.13015 0.37961 0.37961 0.37961 0.2977 0.37961 0.37961 0.29695 0.14706 0.13324 0.37961 0.37961 0.99679 0.14706 0.99679 0.14991 0.14706 0.14706 0.37961 0.37961 -0.46938 0.37961 0.14802 0.14706 0.37961 0.13324 0.14706 0.29695 0.37401 0.37961 0.37961 0.99679 0.37961 -0.51229 0.99679 0.37961 0.37961 0.99679 0.37961 0.13324 0.37961 0.14706 0.99679 0.37961 0.13324 0.37961 0.37961 0.37961
-0.33251 0.37961 1 0.86604 1 -0.23821 0.99789 -0.23517 -0.21307 0.99789 0.99789 0.99789 0.99789 0.99789 1 0.99789 0.99789 -0.23821 -0.23821 -0.47087 -0.14805 -0.46473 0.99789 0.99578 -0.48026 0.99789 0.3744 -0.48146 -0.19271 0.99789 0.99789 -0.21793 -0.48146 0.3744 -0.20645 -0.23821 0.99789 0.99789 -0.23821 -0.21793 -0.48146 0.99789 0.99789 -0.23821 0.99789 -0.19447 0.99789 0.99789 0.99789 0.45887 0.49253 -0.3041 0.99789 0.99789 -0.14585 -0.23821 -0.23821 -0.48266 0.99578 -0.21307 0.45887 0.3744 0.99789 1 1 -0.23821 1 1 0.46235 1 1 0.46235 0.99156 -0.23821 -0.48146 -0.15437 -0.21793 0.37839 1 -0.21307 1 -0.56661 1 -0.21307 1 1 -0.21307 1 -0.21307 1 1 1 1 1 -0.48146 1 -0.67866 1 0.37839 -0.48146 -0.48146 -0.23821 1 1 1 -0.23821 1 -0.23821 0.37839 0.72958 1 1 -0.48146 1 1 0.37839 1 -0.23821 1 -0.21307 0.99789 -0.21307 0.99789 1 1 1 -0.21307 1 -0.23821 1 0.99789 0.37839 1 1 0.37839 -0.21307 1 -0.23517 1 0.37839 -0.23517 -0.21307 1 -0.48386 -0.48386 -0.19447 1 -0.23517 -0.48386 -0.23517 -0.48386 -0.21307 0.37839 0.3483 -0.48386 -0.48386 -0.23517 1 -0.21307 0.3483 1 -0.3041 -0.21307 1 -0.48386 0.37839 -0.21307 -0.21307 -0.20812 1 1 1 -0.48505 1 1 -0.48386 -0.23517 -0.21307 1 1 0.37839 -0.23517 0.37839 -0.23972 -0.23517 -0.23517 1 1 -0.17818 1 -0.23669 -0.23517 1 -0.21307 -0.23517 -0.48386 0.98525 1 1 0.37839 1 -0.19447 0.37839 1 1 0.37839 1 -0.21307 1 -0.23517 0.37839 1 -0.21307 1 1 1
-0.0018495 0.43833 0.86604 1 0.86604 -0.27506 0.86421 -0.27155 0.30398 0.86421 0.86421 0.86421 0.86421 0.86421 0.86604 0.86421 0.86421 -0.27506 -0.27506 -0.54454 0.22619 -0.53662 0.86421 0.86238 -0.55456 0.86421 0.43325 -0.55594 -0.22252 0.86421 0.86421 -0.25165 -0.55594 0.43325 0.29454 -0.27506 0.86421 0.86421 -0.27506 -0.25165 -0.55594 0.86421 0.86421 -0.27506 0.86421 -0.22455 0.86421 0.86421 0.86421 0.21222 0.26088 -0.35115 0.86421 0.86421 -0.17031 -0.27506 -0.27506 -0.55732 0.86238 0.30398 0.21222 0.43325 0.86421 0.86604 0.86604 -0.27506 0.86604 0.86604 0.215 0.86604 0.86604 0.215 0.85873 -0.27506 -0.55594 -0.17825 -0.25165 0.43693 0.86604 0.30398 0.86604 -0.36005 0.86604 0.30398 0.86604 0.86604 0.30398 0.86604 0.30398 0.86604 0.86604 0.86604 0.86604 0.86604 -0.55594 0.86604 -0.50108 0.86604 0.43693 -0.55594 -0.55594 -0.27506 0.86604 0.86604 0.86604 -0.27506 0.86604 -0.27506 0.43693 0.84243 0.86604 0.86604 -0.55594 0.86604 0.86604 0.43693 0.86604 -0.27506 0.86604 0.30398 0.86421 0.30398 0.86421 0.86604 0.86604 0.86604 0.30398 0.86604 -0.27506 0.86604 0.86375 0.43693 0.86604 0.86604 0.43693 0.30398 0.86604 -0.27155 0.86604 0.43693 -0.27155 0.30398 0.86604 -0.5587 -0.5587 -0.22455 0.86604 -0.27155 -0.5587 -0.27155 -0.5587 0.30398 0.43693 0.30164 -0.5587 -0.5587 -0.27155 0.86604 0.30398 0.30164 0.86604 -0.35115 0.30398 0.86604 -0.5587 0.43693 0.30398 0.30398 0.29692 0.86604 0.86604 0.86604 -0.55563 0.86604 0.86604 -0.5587 -0.27155 0.30398 0.86604 0.86604 0.43693 -0.27155 0.43693 0.22109 -0.27155 -0.27155 0.86604 0.86604 -0.20574 0.86604 -0.26612 -0.27155 0.86604 0.30398 -0.27155 -0.5587 0.85326 0.86604 0.86604 0.43693 0.86604 -0.22455 0.43693 0.86604 0.86604 0.43693 0.86604 0.30398 0.86604 -0.27155 0.43693 0.86604 0.30398 0.86604 0.86604 0.86604
-0.33251 0.37961 1 0.86604 1 -0.23821 0.99789 -0.23517 -0.21307 0.99789 0.99789 0.99789 0.99789 0.99789 1 0.99789 0.99789 -0.23821 -0.23821 -0.47087 -0.14805 -0.46473 0.99789 0.99578 -0.48026 0.99789 0.3744 -0.48146 -0.19271 0.99789 0.99789 -0.21793 -0.48146 0.3744 -0.20645 -0.23821 0.99789 0.99789 -0.23821 -0.21793 -0.48146 0.99789 0.99789 -0.23821 0.99789 -0.19447 0.99789 0.99789 0.99789 0.45887 0.49253 -0.3041 0.99789 0.99789 -0.14585 -0.23821 -0.23821 -0.48266 0.99578 -0.21307 0.45887 0.3744 0.99789 1 1 -0.23821 1 1 0.46235 1 1 0.46235 0.99156 -0.23821 -0.48146 -0.15437 -0.21793 0.37839 1 -0.21307 1 -0.56661 1 -0.21307 1 1 -0.21307 1 -0.21307 1 1 1 1 1 -0.48146 1 -0.67866 1 0.37839 -0.48146 -0.48146 -0.23821 1 1 1 -0.23821 1 -0.23821 0.37839 0.72958 1 1 -0.48146 1 1 0.37839 1 -0.23821 1 -0.21307 0.99789 -0.21307 0.99789 1 1 1 -0.21307 1 -0.23821 1 0.99789 0.37839 1 1 0.37839 -0.21307 1 -0.23517 1 0.37839 -0.23517 -0.21307 1 -0.48386 -0.48386 -0.19447 1 -0.23517 -0.48386 -0.23517 -0.48386 -0.21307 0.37839 0.3483 -0.48386 -0.48386 -0.23517 1 -0.21307 0.3483 1 -0.3041 -0.21307 1 -0.48386 0.37839 -0.21307 -0.21307 -0.20812 1 1 1 -0.48505 1 1 -0.48386 -0.23517 -0.21307 1 1 0.37839 -0.23517 0.37839 -0.23972 -0.23517 -0.23517 1 1 -0.17818 1 -0.23669 -0.23517 1 -0.21307 -0.23517 -0.48386 0.98525 1 1 0.37839 1 -0.19447 0.37839 1 1 0.37839 1 -0.21307 1 -0.23517 0.37839 1 -0.21307 1 1 1
0.7164 0.14897 -0.23821 -0.27506 -0.23821 1 -0.23771 0.98723 -0.083612 -0.23771 -0.23771 -0.23771 -0.23771 -0.23771 -0.23821 -0.23771 -0.23771 1 1 -0.17859 -0.062215 -0.18237 -0.23771 -0.2372 -0.18847 -0.23771 0.14897 -0.18893 -0.075625 -0.23771 -0.23771 -0.085522 -0.18893 0.14897 -0.081015 1 -0.23771 -0.23771 1 -0.085522 -0.18893 -0.23771 -0.23771 1 -0.23771 -0.076314 -0.23771 -0.23771 -0.23771 0.1819 -0.024489 -0.11934 -0.23771 -0.23771 -0.061401 1 1 -0.1894 -0.2372 -0.083612 0.1819 0.14897 -0.23771 -0.23821 -0.23821 1 -0.23821 -0.23821 0.18143 -0.23821 -0.23821 0.18143 -0.2362 1 -0.18893 -0.060577 -0.085522 0.14849 -0.23821 -0.083612 -0.23821 -0.22235 -0.23821 -0.083612 -0.23821 -0.23821 -0.083612 -0.23821 -0.083612 -0.23821 -0.23821 -0.23821 -0.23821 -0.23821 -0.18893 -0.23821 0.351 -0.23821 0.14849 -0.18893 -0.18893 1 -0.23821 -0.23821 -0.23821 1 -0.23821 1 0.14849 0.2863 -0.23821 -0.23821 -0.18893 -0.23821 -0.23821 0.14849 -0.23821 1 -0.23821 -0.083612 -0.23771 -0.083612 -0.23771 -0.23821 -0.23821 -0.23821 -0.083612 -0.23821 1 -0.23821 -0.23871 0.14849 -0.23821 -0.23821 0.14849 -0.083612 -0.23821 0.98723 -0.23821 0.14849 0.98723 -0.083612 -0.23821 -0.17401 -0.17401 -0.076314 -0.23821 0.98723 -0.17401 0.98723 -0.17401 -0.083612 0.14849 -0.082968 -0.17401 -0.17401 0.98723 -0.23821 -0.083612 -0.082968 -0.23821 -0.11934 -0.083612 -0.23821 -0.17401 0.14849 -0.083612 -0.083612 -0.08167 -0.23821 -0.23821 -0.23821 -0.1745 -0.23821 -0.23821 -0.17401 0.98723 -0.083612 -0.23821 -0.23821 0.14849 0.98723 0.14849 -0.094071 0.98723 0.98723 -0.23821 -0.23821 -0.069922 -0.23821 0.98085 0.98723 -0.23821 -0.083612 0.98723 -0.17401 -0.2347 -0.23821 -0.23821 0.14849 -0.23821 -0.076314 0.14849 -0.23821 -0.23821 0.14849 -0.23821 -0.083612 -0.23821 0.98723 0.14849 -0.23821 -0.083612 -0.23821 -0.23821 -0.23821
-0.33181 0.37881 0.99789 0.86421 0.99789 -0.23771 1 -0.23467 -0.21262 1 1 1 1 1 0.99789 1 1 -0.23771 -0.23771 -0.46986 -0.14771 -0.46375 0.99577 0.99365 -0.47925 0.99577 0.3736 -0.48044 -0.19231 0.99577 0.99577 -0.21747 -0.48044 0.3736 -0.20601 -0.23771 0.99577 0.99577 -0.23771 -0.21747 -0.48044 0.99577 0.99577 -0.23771 0.99577 -0.19406 0.99577 0.99577 0.99577 0.45789 0.49147 -0.30346 0.99577 0.99577 -0.14551 -0.23771 -0.23771 -0.48164 0.99365 -0.21262 0.45789 0.3736 0.99577 0.99789 0.99789 -0.23771 0.99789 0.99789 0.46137 0.99789 0.99789 0.46137 0.98942 -0.23771 -0.48044 -0.15404 -0.21747 0.37759 0.99789 -0.21262 0.99789 -0.56541 0.99789 -0.21262 0.99789 0.99789 -0.21262 0.99789 -0.21262 0.99789 0.99789 0.99789 0.99789 0.99789 -0.48044 0.99789 -0.67722 0.99789 0.37759 -0.48044 -0.48044 -0.23771 0.99789 0.99789 0.99789 -0.23771 0.99789 -0.23771 0.37759 0.72804 0.99789 0.99789 -0.48044 0.99789 0.99789 0.37759 0.99789 -0.23771 0.99789 -0.21262 0.99577 -0.21262 0.99577 0.99789 0.99789 0.99789 -0.21262 0.99789 -0.23771 0.99789 0.99578 0.37759 0.99789 0.99789 0.37759 -0.21262 0.99789 -0.23467 0.99789 0.37759 -0.23467 -0.21262 0.99789 -0.48283 -0.48283 -0.19406 0.99789 -0.23467 -0.48283 -0.23467 -0.48283 -0.21262 0.37759 0.34903 -0.48283 -0.48283 -0.23467 0.99789 -0.21262 0.34903 0.99789 -0.30346 -0.21262 0.99789 -0.48283 0.37759 -0.21262 -0.21262 -0.20768 0.99789 0.99789 0.99789 -0.48403 0.99789 0.99789 -0.48283 -0.23467 -0.21262 0.99789 0.99789 0.37759 -0.23467 0.37759 -0.23921 -0.23467 -0.23467 0.99789 0.99789 -0.1778 0.99789 -0.23619 -0.23467 0.99789 -0.21262 -0.23467 -0.48283 0.98309 0.99789 0.99789 0.37759 0.99789 -0.19406 0.37759 0.99789 0.99789 0.37759 0.99789 -0.21262 0.99789 -0.23467 0.37759 0.99789 -0.21262 0.99789 0.99789 0.99789
0.70725 0.14706 -0.23517 -0.27155 -0.23517 0.98723 -0.23467 1 -0.082544 -0.23467 -0.23467 -0.23467 -0.23467 -0.23467 -0.23517 -0.23467 -0.23467 0.98723 0.98723 -0.17612 -0.061421 -0.18004 -0.23467 -0.23417 -0.18606 -0.23467 0.14706 -0.18652 -0.074659 -0.23467 -0.23467 -0.08443 -0.18652 0.14706 -0.07998 0.98723 -0.23467 -0.23467 0.98723 -0.08443 -0.18652 -0.23467 -0.23467 0.98723 -0.23467 -0.07534 -0.23467 -0.23467 -0.23467 0.17958 -0.029336 -0.11781 -0.23467 -0.23467 -0.060617 0.98723 0.98723 -0.18699 -0.23417 -0.082544 0.17958 0.14706 -0.23467 -0.23517 -0.23517 0.98723 -0.23517 -0.23517 0.17912 -0.23517 -0.23517 0.17912 -0.23318 0.98723 -0.18652 -0.059804 -0.08443 0.14659 -0.23517 -0.082544 -0.23517 -0.21951 -0.23517 -0.082544 -0.23517 -0.23517 -0.082544 -0.23517 -0.082544 -0.23517 -0.23517 -0.23517 -0.23517 -0.23517 -0.18652 -0.23517 0.34652 -0.23517 0.14659 -0.18652 -0.18652 0.98723 -0.23517 -0.23517 -0.23517 0.98723 -0.23517 0.98723 0.14659 0.28264 -0.23517 -0.23517 -0.18652 -0.23517 -0.23517 0.14659 -0.23517 0.98723 -0.23517 -0.082544 -0.23467 -0.082544 -0.23467 -0.23517 -0.23517 -0.23517 -0.082544 -0.23517 0.98723 -0.23517 -0.23567 0.14659 -0.23517 -0.23517 0.14659 -0.082544 -0.23517 0.97402 -0.23517 0.14659 0.97402 -0.082544 -0.23517 -0.17141 -0.17141 -0.07534 -0.23517 0.97402 -0.17141 0.97402 -0.17141 -0.082544 0.14659 -0.081908 -0.17141 -0.17141 0.97402 -0.23517 -0.082544 -0.081908 -0.23517 -0.11781 -0.082544 -0.23517 -0.17141 0.14659 -0.082544 -0.082544 -0.080627 -0.23517 -0.23517 -0.23517 -0.1719 -0.23517 -0.23517 -0.17141 0.97402 -0.082544 -0.23517 -0.23517 0.14659 0.97402 0.14659 -0.09287 0.97402 0.97402 -0.23517 -0.23517 -0.069029 -0.23517 0.96772 0.97402 -0.23517 -0.082544 0.97402 -0.17141 -0.2317 -0.23517 -0.23517 0.14659 -0.23517 -0.07534 0.14659 -0.23517 -0.23517 0.14659 -0.23517 -0.082544 -0.23517 0.97402 0.14659 -0.23517 -0.082544 -0.23517 -0.23517 -0.23517
0.62996 0.13324 -0.21307 0.30398 -0.21307 -0.083612 -0.21262 -0.082544 1 -0.21262 -0.21262 -0.21262 -0.21262 -0.21262 -0.21307 -0.21262 -0.21262 -0.083612 -0.083612 -0.16689 0.7241 -0.16312 -0.21262 -0.21217 -0.16857 -0.21262 0.13324 -0.16899 -0.067643 -0.21262 -0.21262 -0.076495 -0.16899 0.13324 0.96894 -0.083612 -0.21262 -0.21262 -0.083612 -0.076495 -0.16899 -0.21262 -0.21262 -0.083612 -0.21262 -0.068259 -0.21262 -0.21262 -0.21262 -0.45965 -0.42866 -0.10674 -0.21262 -0.21262 -0.05492 -0.083612 -0.083612 -0.16941 -0.21217 1 -0.45965 0.13324 -0.21262 -0.21307 -0.21307 -0.083612 -0.21307 -0.21307 -0.46084 -0.21307 -0.21307 -0.46084 -0.21127 -0.083612 -0.16899 -0.054183 -0.076495 0.13282 -0.21307 1 -0.21307 0.37604 -0.21307 1 -0.21307 -0.21307 1 -0.21307 1 -0.21307 -0.21307 -0.21307 -0.21307 -0.21307 -0.16899 -0.21307 0.31395 -0.21307 0.13282 -0.16899 -0.16899 -0.083612 -0.21307 -0.21307 -0.21307 -0.083612 -0.21307 -0.083612 0.13282 0.25608 -0.21307 -0.21307 -0.16899 -0.21307 -0.21307 0.13282 -0.21307 -0.083612 -0.21307 1 -0.21262 1 -0.21262 -0.21307 -0.21307 -0.21307 1 -0.21307 -0.083612 -0.21307 -0.21352 0.13282 -0.21307 -0.21307 0.13282 1 -0.21307 -0.082544 -0.21307 0.13282 -0.082544 1 -0.21307 -0.16983 -0.16983 -0.068259 -0.21307 -0.082544 -0.16983 -0.082544 -0.16983 1 0.13282 -0.074211 -0.16983 -0.16983 -0.082544 -0.21307 1 -0.074211 -0.21307 -0.10674 1 -0.21307 -0.16983 0.13282 1 1 0.97677 -0.21307 -0.21307 -0.21307 -0.16155 -0.21307 -0.21307 -0.16983 -0.082544 1 -0.21307 -0.21307 0.13282 -0.082544 0.13282 0.88881 -0.082544 -0.082544 -0.21307 -0.21307 -0.062541 -0.21307 -0.069032 -0.082544 -0.21307 1 -0.082544 -0.16983 -0.20992 -0.21307 -0.21307 0.13282 -0.21307 -0.068259 0.13282 -0.21307 -0.21307 0.13282 -0.21307 1 -0.21307 -0.082544 0.13282 -0.21307 1 -0.21307 -0.21307 -0.21307
-0.33181 0.37881 0.99789 0.86421 0.99789 -0.23771 1 -0.23467 -0.21262 1 1 1 1 1 0.99789 1 1 -0.23771 -0.23771 -0.46986 -0.14771 -0.46375 0.99577 0.99365 -0.47925 0.99577 0.3736 -0.48044 -0.19231 0.99577 0.99577 -0.21747 -0.48044 0.3736 -0.20601 -0.23771 0.99577 0.99577 -0.23771 -0.21747 -0.48044 0.99577 0.99577 -0.23771 0.99577 -0.19406 0.99577 0.99577 0.99577 0.45789 0.49147 -0.30346 0.99577 0.99577 -0.14551 -0.23771 -0.23771 -0.48164 0.99365 -0.21262 0.45789 0.3736 0.99577 0.99789 0.99789 -0.23771 0.99789 0.99789 0.46137 0.99789 0.99789 0.46137 0.98942 -0.23771 -0.48044 -0.15404 -0.21747 0.37759 0.99789 -0.21262 0.99789 -0.56541 0.99789 -0.21262 0.99789 0.99789 -0.21262 0.99789 -0.21262 0.99789 0.99789 0.99789 0.99789 0.99789 -0.48044 0.99789 -0.67722 0.99789 0.37759 -0.48044 -0.48044 -0.23771 0.99789 0.99789 0.99789 -0.23771 0.99789 -0.23771 0.37759 0.72804 0.99789 0.99789 -0.48044 0.99789 0.99789 0.37759 0.99789 -0.23771 0.99789 -0.21262 0.99577 -0.21262 0.99577 0.99789 0.99789 0.99789 -0.21262 0.99789 -0.23771 0.99789 0.99578 0.37759 0.99789 0.99789 0.37759 -0.21262 0.99789 -0.23467 0.99789 0.37759 -0.23467 -0.21262 0.99789 -0.48283 -0.48283 -0.19406 0.99789 -0.23467 -0.48283 -0.23467 -0.48283 -0.21262 0.37759 0.34903 -0.48283 -0.48283 -0.23467 0.99789 -0.21262 0.34903 0.99789 -0.30346 -0.21262 0.99789 -0.48283 0.37759 -0.21262 -0.21262 -0.20768 0.99789 0.99789 0.99789 -0.48403 0.99789 0.99789 -0.48283 -0.23467 -0.21262 0.99789 0.99789 0.37759 -0.23467 0.37759 -0.23921 -0.23467 -0.23467 0.99789 0.99789 -0.1778 0.99789 -0.23619 -0.23467 0.99789 -0.21262 -0.23467 -0.48283 0.98309 0.99789 0.99789 0.37759 0.99789 -0.19406 0.37759 0.99789 0.99789 0.37759 0.99789 -0.21262 0.99789 -0.23467 0.37759 0.99789 -0.21262 0.99789 0.99789 0.99789
-0.33181 0.37881 0.99789 0.86421 0.99789 -0.23771 1 -0.23467 -0.21262 1 1 1 1 1 0.99789 1 1 -0.23771 -0.23771 -0.46986 -0.14771 -0.46375 0.99577 0.99365 -0.47925 0.99577 0.3736 -0.48044 -0.19231 0.99577 0.99577 -0.21747 -0.48044 0.3736 -0.20601 -0.23771 0.99577 0.99577 -0.23771 -0.21747 -0.48044 0.99577 0.99577 -0.23771 0.99577 -0.19406 0.99577 0.99577 0.99577 0.45789 0.49147 -0.30346 0.99577 0.99577 -0.14551 -0.23771 -0.23771 -0.48164 0.99365 -0.21262 0.45789 0.3736 0.99577 0.99789 0.99789 -0.23771 0.99789 0.99789 0.46137 0.99789 0.99789 0.46137 0.98942 -0.23771 -0.48044 -0.15404 -0.21747 0.37759 0.99789 -0.21262 0.99789 -0.56541 0.99789 -0.21262 0.99789 0.99789 -0.21262 0.99789 -0.21262 0.99789 0.99789 0.99789 0.99789 0.99789 -0.48044 0.99789 -0.67722 0.99789 0.37759 -0.48044 -0.48044 -0.23771 0.99789 0.99789 0.99789 -0.23771 0.99789 -0.23771 0.37759 0.72804 0.99789 0.99789 -0.48044 0.99789 0.99789 0.37759 0.99789 -0.23771 0.99789 -0.21262 0.99577 -0.21262 0.99577 0.99789 0.99789 0.99789 -0.21262 0.99789 -0.23771 0.99789 0.99578 0.37759 0.99789 0.99789 0.37759 -0.21262 0.99789 -0.23467 0.99789 0.37759 -0.23467 -0.21262 0.99789 -0.48283 -0.48283 -0.19406 0.99789 -0.23467 -0.48283 -0.23467 -0.48283 -0.21262 0.37759 0.34903 -0.48283 -0.48283 -0.23467 0.99789 -0.21262 0.34903 0.99789 -0.30346 -0.21262 0.99789 -0.48283 0.37759 -0.21262 -0.21262 -0.20768 0.99789 0.99789 0.99789 -0.48403 0.99789 0.99789 -0.48283 -0.23467 -0.21262 0.99789 0.99789 0.37759 -0.23467 0.37759 -0.23921 -0.23467 -0.23467 0.99789 0.99789 -0.1778 0.99789 -0.23619 -0.23467 0.99789 -0.21262 -0.23467 -0.48283 0.98309 0.99789 0.99789 0.37759 0.99789 -0.19406 0.37759 0.99789 0.99789 0.37759 0.99789 -0.21262 0.99789 -0.23467 0.37759 0.99789 -0.21262 0.99789 0.99789 0.99789
-0.33181 0.37881 0.99789 0.86421 0.99789 -0.23771 1 -0.23467 -0.21262 1 1 1 1 1 0.99789 1 1 -0.23771 -0.23771 -0.46986 -0.14771 -0.46375 0.99577 0.99365 -0.47925 0.99577 0.3736 -0.48044 -0.19231 0.99577 0.99577 -0.21747 -0.48044 0.3736 -0.20601 -0.23771 0.99577 0.99577 -0.23771 -0.21747 -0.48044 0.99577 0.99577 -0.23771 0.99577 -0.19406 0.99577 0.99577 0.99577 0.45789 0.49147 -0.30346 0.99577 0.99577 -0.14551 -0.23771 -0.23771 -0.48164 0.99365 -0.21262 0.45789 0.3736 0.99577 0.99789 0.99789 -0.23771 0.99789 0.99789 0.46137 0.99789 0.99789 0.46137 0.98942 -0.23771 -0.48044 -0.15404 -0.21747 0.37759 0.99789 -0.21262 0.99789 -0.56541 0.99789 -0.21262 0.99789 0.99789 -0.21262 0.99789 -0.21262 0.99789 0.99789 0.99789 0.99789 0.99789 -0.48044 0.99789 -0.67722 0.99789 0.37759 -0.48044 -0.48044 -0.23771 0.99789 0.99789 0.99789 -0.23771 0.99789 -0.23771 0.37759 0.72804 0.99789 0.99789 -0.48044 0.99789 0.99789 0.37759 0.99789 -0.23771 0.99789 -0.21262 0.99577 -0.21262 0.99577 0.99789 0.99789 0.99789 -0.21262 0.99789 -0.23771 0.99789 0.99578 0.37759 0.99789 0.99789 0.37759 -0.21262 0.99789 -0.23467 0.99789 0.37759 -0.23467 -0.21262 0.99789 -0.48283 -0.48283 -0.19406 0.99789 -0.23467 -0.48283 -0.23467 -0.48283 -0.21262 0.37759 0.34903 -0.48283 -0.48283 -0.23467 0.99789 -0.21262 0.34903 0.99789 -0.30346 -0.21262 0.99789 -0.48283 0.37759 -0.21262 -0.21262 -0.20768 0.99789 0.99789 0.99789 -0.48403 0.99789 0.99789 -0.48283 -0.23467 -0.21262 0.99789 0.99789 0.37759 -0.23467 0.37759 -0.23921 -0.23467 -0.23467 0.99789 0.99789 -0.1778 0.99789 -0.23619 -0.23467 0.99789 -0.21262 -0.23467 -0.48283 0.98309 0.99789 0.99789 0.37759 0.99789 -0.19406 0.37759 0.99789 0.99789 0.37759 0.99789 -0.21262 0.99789 -0.23467 0.37759 0.99789 -0.21262 0.99789 0.99789 0.99789
-0.33181 0.37881 0.99789 0.86421 0.99789 -0.23771 1 -0.23467 -0.21262 1 1 1 1 1 0.99789 1 1 -0.23771 -0.23771 -0.46986 -0.14771 -0.46375 0.99577 0.99365 -0.47925 0.99577 0.3736 -0.48044 -0.19231 0.99577 0.99577 -0.21747 -0.48044 0.3736 -0.20601 -0.23771 0.99577 0.99577 -0.23771 -0.21747 -0.48044 0.99577 0.99577 -0.23771 0.99577 -0.19406 0.99577 0.99577 0.99577 0.45789 0.49147 -0.30346 0.99577 0.99577 -0.14551 -0.23771 -0.23771 -0.48164 0.99365 -0.21262 0.45789 0.3736 0.99577 0.99789 0.99789 -0.23771 0.99789 0.99789 0.46137 0.99789 0.99789 0.46137 0.98942 -0.23771 -0.48044 -0.15404 -0.21747 0.37759 0.99789 -0.21262 0.99789 -0.56541 0.99789 -0.21262 0.99789 0.99789 -0.21262 0.99789 -0.21262 0.99789 0.99789 0.99789 0.99789 0.99789 -0.48044 0.99789 -0.67722 0.99789 0.37759 -0.48044 -0.48044 -0.23771 0.99789 0.99789 0.99789 -0.23771 0.99789 -0.23771 0.37759 0.72804 0.99789 0.99789 -0.48044 0.99789 0.99789 0.37759 0.99789 -0.23771 0.99789 -0.21262 0.99577 -0.21262 0.99577 0.99789 0.99789 0.99789 -0.21262 0.99789 -0.23771 0.99789 0.99578 0.37759 0.99789 0.99789 0.37759 -0.21262 0.99789 -0.23467 0.99789 0.37759 -0.23467 -0.21262 0.99789 -0.48283 -0.48283 -0.19406 0.99789 -0.23467 -0.48283 -0.23467 -0.48283 -0.21262 0.37759 0.34903 -0.48283 -0.48283 -0.23467 0.99789 -0.21262 0.34903 0.99789 -0.30346 -0.21262 0.99789 -0.48283 0.37759 -0.21262 -0.21262 -0.20768 0.99789 0.99789 0.99789 -0.48403 0.99789 0.99789 -0.48283 -0.23467 -0.21262 0.99789 0.99789 0.37759 -0.23467 0.37759 -0.23921 -0.23467 -0.23467 0.99789 0.99789 -0.1778 0.99789 -0.23619 -0.23467 0.99789 -0.21262 -0.23467 -0.48283 0.98309 0.99789 0.99789 0.37759 0.99789 -0.19406 0.37759 0.99789 0.99789 0.37759 0.99789 -0.21262 0.99789 -0.23467 0.37759 0.99789 -0.21262 0.99789 0.99789 0.99789
-0.33181 0.37881 0.99789 0.86421 0.99789 -0.23771 1 -0.23467 -0.21262 1 1 1 1 1 0.99789 1 1 -0.23771 -0.23771 -0.46986 -0.14771 -0.46375 0.99577 0.99365 -0.47925 0.99577 0.3736 -0.48044 -0.19231 0.99577 0.99577 -0.21747 -0.48044 0.3736 -0.20601 -0.23771 0.99577 0.99577 -0.23771 -0.21747 -0.48044 0.99577 0.99577 -0.23771 0.99577 -0.19406 0.99577 0.99577 0.99577 0.45789 0.49147 -0.30346 0.99577 0.99577 -0.14551 -0.23771 -0.23771 -0.48164 0.99365 -0.21262 0.45789 0.3736 0.99577 0.99789 0.99789 -0.23771 0.99789 0.99789 0.46137 0.99789 0.99789 0.46137 0.98942 -0.23771 -0.48044 -0.15404 -0.21747 0.37759 0.99789 -0.21262 0.99789 -0.56541 0.99789 -0.21262 0.99789 0.99789 -0.21262 0.99789 -0.21262 0.99789 0.99789 0.99789 0.99789 0.99789 -0.48044 0.99789 -0.67722 0.99789 0.37759 -0.48044 -0.48044 -0.23771 0.99789 0.99789 0.99789 -0.23771 0.99789 -0.23771 0.37759 0.72804 0.99789 0.99789 -0.48044 0.99789 0.99789 0.37759 0.99789 -0.23771 0.99789 -0.21262 0.99577 -0.21262 0.99577 0.99789 0.99789 0.99789 -0.21262 0.99789 -0.23771 0.99789 0.99578 0.37759 0.99789 0.99789 0.37759 -0.21262 0.99789 -0.23467 0.99789 0.37759 -0.23467 -0.21262 0.99789 -0.48283 -0.48283 -0.19406 0.99789 -0.23467 -0.48283 -0.23467 -0.48283 -0.21262 0.37759 0.34903 -0.48283 -0.48283 -0.23467 0.99789 -0.21262 0.34903 0.99789 -0.30346 -0.21262 0.99789 -0.48283 0.37759 -0.21262 -0.21262 -0.20768 0.99789 0.99789 0.99789 -0.48403 0.99789 0.99789 -0.48283 -0.23467 -0.21262 0.99789 0.99789 0.37759 -0.23467 0.37759 -0.23921 -0.23467 -0.23467 0.99789 0.99789 -0.1778 0.99789 -0.23619 -0.23467 0.99789 -0.21262 -0.23467 -0.48283 0.98309 0.99789 0.99789 0.37759 0.99789 -0.19406 0.37759 0.99789 0.99789 0.37759 0.99789 -0.21262 0.99789 -0.23467 0.37759 0.99789 -0.21262 0.99789 0.99789 0.99789
-0.33251 0.37961 1 0.86604 1 -0.23821 0.99789 -0.23517 -0.21307 0.99789 0.99789 0.99789 0.99789 0.99789 1 0.99789 0.99789 -0.23821 -0.23821 -0.47087 -0.14805 -0.46473 0.99789 0.99578 -0.48026 0.99789 0.3744 -0.48146 -0.19271 0.99789 0.99789 -0.21793 -0.48146 0.3744 -0.20645 -0.23821 0.99789 0.99789 -0.23821 -0.21793 -0.48146 0.99789 0.99789 -0.23821 0.99789 -0.19447 0.99789 0.99789 0.99789 0.45887 0.49253 -0.3041 0.99789 0.99789 -0.14585 -0.23821 -0.23821 -0.48266 0.99578 -0.21307 0.45887 0.3744 0.99789 1 1 -0.23821 1 1 0.46235 1 1 0.46235 0.99156 -0.23821 -0.48146 -0.15437 -0.21793 0.37839 1 -0.21307 1 -0.56661 1 -0.21307 1 1 -0.21307 1 -0.21307 1 1 1 1 1 -0.48146 1 -0.67866 1 0.37839 -0.48146 -0.48146 -0.23821 1 1 1 -0.23821 1 -0.23821 0.37839 0.72958 1 1 -0.48146 1 1 0.37839 1 -0.23821 1 -0.21307 0.99789 -0.21307 0.99789 1 1 1 -0.21307 1 -0.23821 1 0.99789 0.37839 1 1 0.37839 -0.21307 1 -0.23517 1 0.37839 -0.23517 -0.21307 1 -0.48386 -0.48386 -0.19447 1 -0.23517 -0.48386 -0.23517 -0.48386 -0.21307 0.37839 0.3483 -0.48386 -0.48386 -0.23517 1 -0.21307 0.3483 1 -0.3041 -0.21307 1 -0.48386 0.37839 -0.21307 -0.21307 -0.20812 1 1 1 -0.48505 1 1 -0.48386 -0.23517 -0.21307 1 1 0.37839 -0.23517 0.37839 -0.23972 -0.23517 -0.23517 1 1 -0.17818 1 -0.23669 -0.23517 1 -0.21307 -0.23517 -0.48386 0.98525 1 1 0.37839 1 -0.19447 0.37839 1 1 0.37839 1 -0.21307 1 -0.23517 0.37839 1 -0.21307 1 1 1
-0.33181 0.37881 0.99789 0.86421 0.99789 -0.23771 1 -0.23467 -0.21262 1 1 1 1 1 0.99789 1 1 -0.23771 -0.23771 -0.46986 -0.14771 -0.46375 0.99577 0.99365 -0.47925 0.99577 0.3736 -0.48044 -0.19231 0.99577 0.99577 -0.21747 -0.48044 0.3736 -0.20601 -0.23771 0.99577 0.99577 -0.23771 -0.21747 -0.48044 0.99577 0.99577 -0.23771 0.99577 -0.19406 0.99577 0.99577 0.99577 0.45789 0.49147 -0.30346 0.99577 0.99577 -0.14551 -0.23771 -0.23771 -0.48164 0.99365 -0.21262 0.45789 0.3736 0.99577 0.99789 0.99789 -0.23771 0.99789 0.99789 0.46137 0.99789 0.99789 0.46137 0.98942 -0.23771 -0.48044 -0.15404 -0.21747 0.37759 0.99789 -0.21262 0.99789 -0.56541 0.99789 -0.21262 0.99789 0.99789 -0.21262 0.99789 -0.21262 0.99789 0.99789 0.99789 0.99789 0.99789 -0.48044 0.99789 -0.67722 0.99789 0.37759 -0.48044 -0.48044 -0.23771 0.99789 0.99789 0.99789 -0.23771 0.99789 -0.23771 0.37759 0.72804 0.99789 0.99789 -0.48044 0.99789 0.99789 0.37759 0.99789 -0.23771 0.99789 -0.21262 0.99577 -0.21262 0.99577 0.99789 0.99789 0.99789 -0.21262 0.99789 -0.23771 0.99789 0.99578 0.37759 0.99789 0.99789 0.37759 -0.21262 0.99789 -0.23467 0.99789 0.37759 -0.23467 -0.21262 0.99789 -0.48283 -0.48283 -0.19406 0.99789 -0.23467 -0.48283 -0.23467 -0.48283 -0.21262 0.37759 0.34903 -0.48283 -0.48283 -0.23467 0.99789 -0.21262 0.34903 0.99789 -0.30346 -0.21262 0.99789 -0.48283 0.37759 -0.21262 -0.21262 -0.20768 0.99789 0.99789 0.99789 -0.48403 0.99789 0.99789 -0.48283 -0.23467 -0.21262 0.99789 0.99789 0.37759 -0.23467 0.37759 -0.23921 -0.23467 -0.23467 0.99789 0.99789 -0.1778 0.99789 -0.23619 -0.23467 0.99789 -0.21262 -0.23467 -0.48283 0.98309 0.99789 0.99789 0.37759 0.99789 -0.19406 0.37759 0.99789 0.99789 0.37759 0.99789 -0.21262 0.99789 -0.23467 0.37759 0.99789 -0.21262 0.99789 0.99789 0.99789
-0.33181 0.37881 0.99789 0.86421 0.99789 -0.23771 1 -0.23467 -0.21262 1 1 1 1 1 0.99789 1 1 -0.23771 -0.23771 -0.46986 -0.14771 -0.46375 0.99577 0.99365 -0.47925 0.99577 0.3736 -0.48044 -0.19231 0.99577 0.99577 -0.21747 -0.48044 0.3736 -0.20601 -0.23771 0.99577 0.99577 -0.23771 -0.21747 -0.48044 0.99577 0.99577 -0.23771 0.99577 -0.19406 0.99577 0.99577 0.99577 0.45789 0.49147 -0.30346 0.99577 0.99577 -0.14551 -0.23771 -0.23771 -0.48164 0.99365 -0.21262 0.45789 0.3736 0.99577 0.99789 0.99789 -0.23771 0.99789 0.99789 0.46137 0.99789 0.99789 0.46137 0.98942 -0.23771 -0.48044 -0.15404 -0.21747 0.37759 0.99789 -0.21262 0.99789 -0.56541 0.99789 -0.21262 0.99789 0.99789 -0.21262 0.99789 -0.21262 0.99789 0.99789 0.99789 0.99789 0.99789 -0.48044 0.99789 -0.67722 0.99789 0.37759 -0.48044 -0.48044 -0.23771 0.99789 0.99789 0.99789 -0.23771 0.99789 -0.23771 0.37759 0.72804 0.99789 0.99789 -0.48044 0.99789 0.99789 0.37759 0.99789 -0.23771 0.99789 -0.21262 0.99577 -0.21262 0.99577 0.99789 0.99789 0.99789 -0.21262 0.99789 -0.23771 0.99789 0.99578 0.37759 0.99789 0.99789 0.37759 -0.21262 0.99789 -0.23467 0.99789 0.37759 -0.23467 -0.21262 0.99789 -0.48283 -0.48283 -0.19406 0.99789 -0.23467 -0.48283 -0.23467 -0.48283 -0.21262 0.37759 0.34903 -0.48283 -0.48283 -0.23467 0.99789 -0.21262 0.34903 0.99789 -0.30346 -0.21262 0.99789 -0.48283 0.37759 -0.21262 -0.21262 -0.20768 0.99789 0.99789 0.99789 -0.48403 0.99789 0.99789 -0.48283 -0.23467 -0.21262 0.99789 0.99789 0.37759 -0.23467 0.37759 -0.23921 -0.23467 -0.23467 0.99789 0.99789 -0.1778 0.99789 -0.23619 -0.23467 0.99789 -0.21262 -0.23467 -0.48283 0.98309 0.99789 0.99789 0.37759 0.99789 -0.19406 0.37759 0.99789 0.99789 0.37759 0.99789 -0.21262 0.99789 -0.23467 0.37759 0.99789 -0.21262 0.99789 0.99789 0.99789
0.7164 0.14897 -0.23821 -0.27506 -0.23821 1 -0.23771 0.98723 -0.083612 -0.23771 -0.23771 -0.23771 -0.23771 -0.23771 -0.23821 -0.23771 -0.23771 1 1 -0.17859 -0.062215 -0.18237 -0.23771 -0.2372 -0.18847 -0.23771 0.14897 -0.18893 -0.075625 -0.23771 -0.23771 -0.085522 -0.18893 0.14897 -0.081015 1 -0.23771 -0.23771 1 -0.085522 -0.18893 -0.23771 -0.23771 1 -0.23771 -0.076314 -0.23771 -0.23771 -0.23771 0.1819 -0.024489 -0.11934 -0.23771 -0.23771 -0.061401 1 1 -0.1894 -0.2372 -0.083612 0.1819 0.14897 -0.23771 -0.23821 -0.23821 1 -0.23821 -0.23821 0.18143 -0.23821 -0.23821 0.18143 -0.2362 1 -0.18893 -0.060577 -0.085522 0.14849 -0.23821 -0.083612 -0.23821 -0.22235 -0.23821 -0.083612 -0.23821 -0.23821 -0.083612 -0.23821 -0.083612 -0.23821 -0.23821 -0.23821 -0.23821 -0.23821 -0.18893 -0.23821 0.351 -0.23821 0.14849 -0.18893 -0.18893 1 -0.23821 -0.23821 -0.23821 1 -0.23821 1 0.14849 0.2863 -0.23821 -0.23821 -0.18893 -0.23821 -0.23821 0.14849 -0.23821 1 -0.23821 -0.083612 -0.23771 -0.083612 -0.23771 -0.23821 -0.23821 -0.23821 -0.083612 -0.23821 1 -0.23821 -0.23871 0.14849 -0.23821 -0.23821 0.14849 -0.083612 -0.23821 0.98723 -0.23821 0.14849 0.98723 -0.083612 -0.23821 -0.17401 -0.17401 -0.076314 -0.23821 0.98723 -0.17401 0.98723 -0.17401 -0.083612 0.14849 -0.082968 -0.17401 -0.17401 0.98723 -0.23821 -0.083612 -0.082968 -0.23821 -0.11934 -0.083612 -0.23821 -0.17401 0.14849 -0.083612 -0.083612 -0.08167 -0.23821 -0.23821 -0.23821 -0.1745 -0.23821 -0.23821 -0.17401 0.98723 -0.083612 -0.23821 -0.23821 0.14849 0.98723 0.14849 -0.094071 0.98723 0.98723 -0.23821 -0.23821 -0.069922 -0.23821 0.98085 0.98723 -0.23821 -0.083612 0.98723 -0.17401 -0.2347 -0.23821 -0.23821 0.14849 -0.23821 -0.076314 0.14849 -0.23821 -0.23821 0.14849 -0.23821 -0.083612 -0.23821 0.98723 0.14849 -0.23821 -0.083612 -0.23821 -0.23821 -0.23821
0.7164 0.14897 -0.23821 -0.27506 -0.23821 1 -0.23771 0.98723 -0.083612 -0.23771 -0.23771 -0.23771 -0.23771 -0.23771 -0.23821 -0.23771 -0.23771 1 1 -0.17859 -0.062215 -0.18237 -0.23771 -0.2372 -0.18847 -0.23771 0.14897 -0.18893 -0.075625 -0.23771 -0.23771 -0.085522 -0.18893 0.14897 -0.081015 1 -0.23771 -0.23771 1 -0.085522 -0.18893 -0.23771 -0.23771 1 -0.23771 -0.076314 -0.23771 -0.23771 -0.23771 0.1819 -0.024489 -0.11934 -0.23771 -0.23771 -0.061401 1 1 -0.1894 -0.2372 -0.083612 0.1819 0.14897 -0.23771 -0.23821 -0.23821 1 -0.23821 -0.23821 0.18143 -0.23821 -0.23821 0.18143 -0.2362 1 -0.18893 -0.060577 -0.085522 0.14849 -0.23821 -0.083612 -0.23821 -0.22235 -0.23821 -0.083612 -0.23821 -0.23821 -0.083612 -0.23821 -0.083612 -0.23821 -0.23821 -0.23821 -0.23821 -0.23821 -0.18893 -0.23821 0.351 -0.23821 0.14849 -0.18893 -0.18893 1 -0.23821 -0.23821 -0.23821 1 -0.23821 1 0.14849 0.2863 -0.23821 -0.23821 -0.18893 -0.23821 -0.23821 0.14849 -0.23821 1 -0.23821 -0.083612 -0.23771 -0.083612 -0.23771 -0.23821 -0.23821 -0.23821 -0.083612 -0.23821 1 -0.23821 -0.23871 0.14849 -0.23821 -0.23821 0.14849 -0.083612 -0.23821 0.98723 -0.23821 0.14849 0.98723 -0.083612 -0.23821 -0.17401 -0.17401 -0.076314 -0.23821 0.98723 -0.17401 0.98723 -0.17401 -0.083612 0.14849 -0.082968 -0.17401 -0.17401 0.98723 -0.23821 -0.083612 -0.082968 -0.23821 -0.11934 -0.083612 -0.23821 -0.17401 0.14849 -0.083612 -0.083612 -0.08167 -0.23821 -0.23821 -0.23821 -0.1745 -0.23821 -0.23821 -0.17401 0.98723 -0.083612 -0.23821 -0.23821 0.14849 0.98723 0.14849 -0.094071 0.98723 0.98723 -0.23821 -0.23821 -0.069922 -0.23821 0.98085 0.98723 -0.23821 -0.083612 0.98723 -0.17401 -0.2347 -0.23821 -0.23821 0.14849 -0.23821 -0.076314 0.14849 -0.23821 -0.23821 0.14849 -0.23821 -0.083612 -0.23821 0.98723 0.14849 -0.23821 -0.083612 -0.23821 -0.23821 -0.23821
-0.25426 0.29167 -0.47087 -0.54454 -0.47087 -0.17859 -0.46986 -0.17612 -0.16689 -0.46986 -0.46986 -0.46986 -0.46986 -0.46986 -0.47087 -0.46986 -0.46986 -0.17859 -0.17859 1 -0.12419 0.94183 -0.46986 -0.46886 0.97503 -0.46986 0.29735 0.97758 -0.15095 -0.46986 -0.46986 0.45834 0.97758 0.29735 -0.16171 -0.17859 -0.46986 -0.46986 -0.17859 0.45834 0.97758 -0.46986 -0.46986 -0.17859 -0.46986 -0.15233 -0.46986 -0.46986 -0.46986 0.36309 0.3844 -0.2382 -0.46986 -0.46986 -0.12256 -0.17859 -0.17859 0.97515 -0.46886 -0.16689 0.36309 0.29735 -0.46986 -0.47087 -0.47087 -0.17859 -0.47087 -0.47087 0.36215 -0.47087 -0.47087 0.36215 -0.46685 -0.17859 0.97758 -0.12092 0.45834 0.29639 -0.47087 -0.16689 -0.47087 0.82978 -0.47087 -0.16689 -0.47087 -0.47087 -0.16689 -0.47087 -0.16689 -0.47087 -0.47087 -0.47087 -0.47087 -0.47087 0.97758 -0.47087 0.69611 -0.47087 0.29639 0.97758 0.97758 -0.17859 -0.47087 -0.47087 -0.47087 -0.17859 -0.47087 -0.17859 0.29639 -0.64276 -0.47087 -0.47087 0.97758 -0.47087 -0.47087 0.29639 -0.47087 -0.17859 -0.47087 -0.16689 -0.46986 -0.16689 -0.46986 -0.47087 -0.47087 -0.47087 -0.16689 -0.47087 -0.17859 -0.47087 -0.47188 0.29639 -0.47087 -0.47087 0.29639 -0.16689 -0.47087 -0.17612 -0.47087 0.29639 -0.17612 -0.16689 -0.47087 0.97272 0.97272 -0.15233 -0.47087 -0.17612 0.97272 -0.17612 0.97272 -0.16689 0.29639 -0.16561 0.97272 0.97272 -0.17612 -0.47087 -0.16689 -0.16561 -0.47087 -0.2382 -0.16689 -0.47087 0.97272 0.29639 -0.16689 -0.16689 -0.16302 -0.47087 -0.47087 -0.47087 0.9703 -0.47087 -0.47087 0.97272 -0.17612 -0.16689 -0.47087 -0.47087 0.29639 -0.17612 0.29639 -0.052566 -0.17612 -0.17612 -0.47087 -0.47087 -0.13957 -0.47087 -0.17736 -0.17612 -0.47087 -0.16689 -0.17612 0.97272 -0.46384 -0.47087 -0.47087 0.29639 -0.47087 -0.15233 0.29639 -0.47087 -0.47087 0.29639 -0.47087 -0.16689 -0.47087 -0.17612 0.29639 -0.47087 -0.16689 -0.47087 -0.47087 -0.47087
0.44862 0.099146 -0.14805 0.22619 -0.14805 -0.062215 -0.14771 -0.061421 0.7241 -0.14771 -0.14771 -0.14771 -0.14771 -0.14771 -0.14805 -0.14771 -0.14771 -0.062215 -0.062215 -0.12419 1 -0.12138 -0.14771 -0.14737 -0.12543 -0.14771 0.099146 -0.12575 -0.050333 -0.14771 -0.14771 -0.05692 -0.12575 0.099146 0.66522 -0.062215 -0.14771 -0.14771 -0.062215 -0.05692 -0.12575 -0.14771 -0.14771 -0.062215 -0.14771 -0.050792 -0.14771 -0.14771 -0.14771 -0.33045 -0.30775 -0.079426 -0.14771 -0.14771 -0.040866 -0.062215 -0.062215 -0.12606 -0.14737 0.7241 -0.33045 0.099146 -0.14771 -0.14805 -0.14805 -0.062215 -0.14805 -0.14805 -0.33132 -0.14805 -0.14805 -0.33132 -0.14669 -0.062215 -0.12575 -0.040318 -0.05692 0.098828 -0.14805 0.7241 -0.14805 0.26912 -0.14805 0.7241 -0.14805 -0.14805 0.7241 -0.14805 0.7241 -0.14805 -0.14805 -0.14805 -0.14805 -0.14805 -0.12575 -0.14805 0.22334 -0.14805 0.098828 -0.12575 -0.12575 -0.062215 -0.14805 -0.14805 -0.14805 -0.062215 -0.14805 -0.062215 0.098828 0.19055 -0.14805 -0.14805 -0.12575 -0.14805 -0.14805 0.098828 -0.14805 -0.062215 -0.14805 0.7241 -0.14771 0.7241 -0.14771 -0.14805 -0.14805 -0.14805 0.7241 -0.14805 -0.062215 -0.14805 -0.14839 0.098828 -0.14805 -0.14805 0.098828 0.7241 -0.14805 -0.061421 -0.14805 0.098828 -0.061421 0.7241 -0.14805 -0.12637 -0.12637 -0.050792 -0.14805 -0.061421 -0.12637 -0.061421 -0.12637 0.7241 0.098828 -0.05522 -0.12637 -0.12637 -0.061421 -0.14805 0.7241 -0.05522 -0.14805 -0.079426 0.7241 -0.14805 -0.12637 0.098828 0.7241 0.7241 0.68018 -0.14805 -0.14805 -0.14805 -0.12669 -0.14805 -0.14805 -0.12637 -0.061421 0.7241 -0.14805 -0.14805 0.098828 -0.061421 0.098828 0.64326 -0.061421 -0.061421 -0.14805 -0.14805 -0.046537 -0.14805 -0.061819 -0.061421 -0.14805 0.7241 -0.061421 -0.12637 -0.14567 -0.14805 -0.14805 0.098828 -0.14805 -0.050792 0.098828 -0.14805 -0.14805 0.098828 -0.14805 0.7241 -0.14805 -0.061421 0.098828 -0.14805 0.7241 -0.14805 -0.14805 -0.14805
-0.25457 0.28489 -0.46473 -0.53662 -0.46473 -0.18237 -0.46375 -0.18004 -0.16312 -0.46375 -0.46375 -0.46375 -0.46375 -0.46375 -0.46473 -0.46375 -0.46375 -0.18237 -0.18237 0.94183 -0.12138 1 -0.46375 -0.46277 0.96766 -0.46375 0.29063 0.96526 -0.14754 -0.46375 -0.46375 0.34701 0.96526 0.29063 -0.15805 -0.18237 -0.46375 -0.46375 -0.18237 0.34701 0.96526 -0.46375 -0.46375 -0.18237 -0.46375 -0.14889 -0.46375 -0.46375 -0.46375 0.35488 0.38053 -0.23282 -0.46375 -0.46375 -0.11979 -0.18237 -0.18237 0.96286 -0.46277 -0.16312 0.35488 0.29063 -0.46375 -0.46473 -0.46473 -0.18237 -0.46473 -0.46473 0.35397 -0.46473 -0.46473 0.35397 -0.46081 -0.18237 0.96526 -0.11818 0.34701 0.28969 -0.46473 -0.16312 -0.46473 0.82021 -0.46473 -0.16312 -0.46473 -0.46473 -0.16312 -0.46473 -0.16312 -0.46473 -0.46473 -0.46473 -0.46473 -0.46473 0.96526 -0.46473 0.68478 -0.46473 0.28969 0.96526 0.96526 -0.18237 -0.46473 -0.46473 -0.46473 -0.18237 -0.46473 -0.18237 0.28969 -0.63699 -0.46473 -0.46473 0.96526 -0.46473 -0.46473 0.28969 -0.46473 -0.18237 -0.46473 -0.16312 -0.46375 -0.16312 -0.46375 -0.46473 -0.46473 -0.46473 -0.16312 -0.46473 -0.18237 -0.46473 -0.46572 0.28969 -0.46473 -0.46473 0.28969 -0.16312 -0.46473 -0.18004 -0.46473 0.28969 -0.18004 -0.16312 -0.46473 0.96048 0.96048 -0.14889 -0.46473 -0.18004 0.96048 -0.18004 0.96048 -0.16312 0.28969 -0.16187 0.96048 0.96048 -0.18004 -0.46473 -0.16312 -0.16187 -0.46473 -0.23282 -0.16312 -0.46473 0.96048 0.28969 -0.16312 -0.16312 -0.15933 -0.46473 -0.46473 -0.46473 0.95811 -0.46473 -0.46473 0.96048 -0.18004 -0.16312 -0.46473 -0.46473 0.28969 -0.18004 0.28969 -0.046873 -0.18004 -0.18004 -0.46473 -0.46473 -0.13641 -0.46473 -0.18121 -0.18004 -0.46473 -0.16312 -0.18004 0.96048 -0.45788 -0.46473 -0.46473 0.28969 -0.46473 -0.14889 0.28969 -0.46473 -0.46473 0.28969 -0.46473 -0.16312 -0.46473 -0.18004 0.28969 -0.46473 -0.16312 -0.46473 -0.46473 -0.46473
