1 0.27691 0.27691 0.96824 0.97283 0.73219 0.73219 0.73219 1 0.73219 1 0.99769 0.73219 0.99538 0.73219 0.26118 0.73219 0.26345 0.99768 0.99536 0.73366 0.030256 0.72935 0.73219 1 0.99305 -0.3509 0.97467 0.55741 0.26797 0.99305 0.73072 0.73219 0.28666 0.72788 0.72788 0.72788 0.72788 0.73082 0.73082 0.27468 0.73229 0.2543 0.076896 0.97727 0.27912 -0.30607 -0.91241 0.26797 0.99072 0.99072 0.73366 0.99769 0.73072 0.99072 0.11579 0.99072 0.27801 0.72926 0.079839 0.99072 0.070663 0.27691 0.99305 0.67157 0.076896 -0.35538 0.13497 0.99304 0.2758 0.99536 0.72935 0.73082 0.2758 0.99073 0.10729 0.27691 0.99536 0.2758 0.2758 0.093245 0.27691 0.98842 0.98842 0.2758 0.16317 -0.52782 0.71788 0.029533 0.029533 -0.14759 0.091359 0.093402 0.073842 0.047028 0.092579 0.092579 0.092579 -0.14795 0.095423 0.048782
0.27691 1 1 0.21222 0.21222 -0.44889 -0.44889 -0.44889 0.27691 -0.44889 0.27691 0.27755 -0.44323 0.27819 -0.44323 0.9432 -0.44323 0.95141 0.27626 0.27691 -0.44413 0.77982 -0.44979 -0.44323 0.27691 0.27498 -0.097167 0.23156 -0.336 0.95952 0.27498 -0.44233 -0.44323 0.079377 -0.44889 -0.44889 -0.44889 -0.44889 -0.4507 -0.4507 0.99197 -0.44593 0.91837 -0.047144 0.22895 0.99206 -0.010085 -0.25398 0.95952 0.27562 0.27562 -0.44413 0.27755 -0.448 0.27562 0.41814 0.27562 0.99601 -0.4471 -0.048948 0.27562 0.22805 1 0.27498 -0.46446 -0.047144 -0.10098 0.48741 0.27626 0.99599 0.27691 -0.44413 -0.44503 0.99599 0.27434 -0.065775 1 0.27691 0.99599 0.99599 -0.057167 0.99199 0.2737 0.2737 0.99599 -0.10004 -0.14803 -0.4507 0.20545 0.20545 -0.03021 0.061795 0.059722 0.16269 0.053258 -0.039054 -0.039054 -0.039054 -0.033798 0.068923 0.059919
0.27691 1 1 0.21222 0.21222 -0.44889 -0.44889 -0.44889 0.27691 -0.44889 0.27691 0.27755 -0.44323 0.27819 -0.44323 0.9432 -0.44323 0.95141 0.27626 0.27691 -0.44413 0.77982 -0.44979 -0.44323 0.27691 0.27498 -0.097167 0.23156 -0.336 0.95952 0.27498 -0.44233 -0.44323 0.079377 -0.44889 -0.44889 -0.44889 -0.44889 -0.4507 -0.4507 0.99197 -0.44593 0.91837 -0.047144 0.22895 0.99206 -0.010085 -0.25398 0.95952 0.27562 0.27562 -0.44413 0.27755 -0.448 0.27562 0.41814 0.27562 0.99601 -0.4471 -0.048948 0.27562 0.22805 1 0.27498 -0.46446 -0.047144 -0.10098 0.48741 0.27626 0.99599 0.27691 -0.44413 -0.44503 0.99599 0.27434 -0.065775 1 0.27691 0.99599 0.99599 -0.057167 0.99199 0.2737 0.2737 0.99599 -0.10004 -0.14803 -0.4507 0.20545 0.20545 -0.03021 0.061795 0.059722 0.16269 0.053258 -0.039054 -0.039054 -0.039054 -0.033798 0.068923 0.059919
0.96824 0.21222 0.21222 1 0.99545 0.75264 0.75264 0.75264 0.96824 0.75264 0.96824 0.96591 0.75264 0.96818 0.75264 0.26847 0.75264 0.19574 0.96598 0.96824 0.75415 -0.023253 0.74988 0.75264 0.96824 0.96147 -0.34137 0.97956 0.57298 0.25074 0.96147 0.75113 0.75264 0.27887 0.74837 0.74837 0.74837 0.74837 0.74712 0.74712 0.20952 0.74864 0.23572 0.079043 0.9818 0.20891 -0.36777 -0.88278 0.24456 0.95912 0.95912 0.75415 0.96591 0.75113 0.95912 0.068204 0.95912 0.21357 0.74963 0.082068 0.95912 0.072636 0.21222 0.96147 0.69394 0.079043 -0.34557 0.09469 0.96598 0.21087 0.96824 0.74988 0.75139 0.21087 0.95921 0.11028 0.21222 0.96824 0.21087 0.21087 0.095849 0.21222 0.95696 0.95696 0.21087 0.16773 -0.51337 0.73859 0.014837 0.014837 -0.14134 0.037106 0.039601 0.075904 0.014984 0.096123 0.096123 0.096123 -0.14155 0.042065 0.016881
0.97283 0.21222 0.21222 0.99545 1 0.75264 0.75264 0.75264 0.97283 0.75264 0.97283 0.9705 0.75264 0.96818 0.75264 0.26847 0.75264 0.19574 0.97058 0.96824 0.75415 -0.023253 0.74988 0.75264 0.97283 0.96607 -0.34137 0.98413 0.57298 0.25074 0.96607 0.75113 0.75264 0.27887 0.74837 0.74837 0.74837 0.74837 0.75139 0.75139 0.20952 0.75291 0.23572 0.079043 0.98635 0.21491 -0.36777 -0.88754 0.25074 0.96372 0.96372 0.75415 0.9705 0.75113 0.96372 0.068204 0.96372 0.21357 0.74963 0.082068 0.96372 0.072636 0.21222 0.96607 0.69394 0.079043 -0.34557 0.09469 0.96598 0.21087 0.96824 0.74988 0.75139 0.21087 0.96382 0.11028 0.21222 0.96824 0.21087 0.21087 0.095849 0.21222 0.96157 0.96157 0.21087 0.16773 -0.51337 0.73859 0.032375 0.032375 -0.14134 0.037106 0.039601 0.075904 0.014984 0.096123 0.096123 0.096123 -0.14155 0.042065 0.016881
0.73219 -0.44889 -0.44889 0.75264 0.75264 1 1 1 0.73219 1 0.73219 0.72958 0.99599 0.73128 0.99599 -0.4234 0.99599 -0.42708 0.73049 0.73219 0.998 -0.5223 0.998 0.99599 0.73219 0.7271 -0.25693 0.74069 0.75723 -0.42861 0.7271 0.99399 0.99599 0.20989 0.99599 0.99599 0.99599 0.99599 0.996 0.996 -0.44529 0.99401 -0.41225 0.10502 0.74494 -0.44685 -0.2768 -0.66711 -0.43441 0.72448 0.72448 0.998 0.72958 0.998 0.72448 -0.1877 0.72448 -0.44504 0.996 0.10904 0.72448 -0.095365 -0.44889 0.7271 0.95478 0.10502 -0.25838 -0.21879 0.73049 -0.4471 0.73219 0.99399 0.996 -0.4471 0.7254 0.14653 -0.44889 0.73219 -0.4471 -0.4471 0.12735 -0.44323 0.72371 0.72371 -0.4471 0.22285 -0.38514 0.98799 -0.13404 -0.13404 -0.11543 0.041738 0.045106 -0.046187 0.0068731 0.114 0.114 0.114 -0.11321 0.040483 0.0037965
0.73219 -0.44889 -0.44889 0.75264 0.75264 1 1 1 0.73219 1 0.73219 0.72958 0.99599 0.73128 0.99599 -0.4234 0.99599 -0.42708 0.73049 0.73219 0.998 -0.5223 0.998 0.99599 0.73219 0.7271 -0.25693 0.74069 0.75723 -0.42861 0.7271 0.99399 0.99599 0.20989 0.99599 0.99599 0.99599 0.99599 0.996 0.996 -0.44529 0.99401 -0.41225 0.10502 0.74494 -0.44685 -0.2768 -0.66711 -0.43441 0.72448 0.72448 0.998 0.72958 0.998 0.72448 -0.1877 0.72448 -0.44504 0.996 0.10904 0.72448 -0.095365 -0.44889 0.7271 0.95478 0.10502 -0.25838 -0.21879 0.73049 -0.4471 0.73219 0.99399 0.996 -0.4471 0.7254 0.14653 -0.44889 0.73219 -0.4471 -0.4471 0.12735 -0.44323 0.72371 0.72371 -0.4471 0.22285 -0.38514 0.98799 -0.13404 -0.13404 -0.11543 0.041738 0.045106 -0.046187 0.0068731 0.114 0.114 0.114 -0.11321 0.040483 0.0037965
0.73219 -0.44889 -0.44889 0.75264 0.75264 1 1 1 0.73219 1 0.73219 0.72958 0.99599 0.73128 0.99599 -0.4234 0.99599 -0.42708 0.73049 0.73219 0.998 -0.5223 0.998 0.99599 0.73219 0.7271 -0.25693 0.74069 0.75723 -0.42861 0.7271 0.99399 0.99599 0.20989 0.99599 0.99599 0.99599 0.99599 0.996 0.996 -0.44529 0.99401 -0.41225 0.10502 0.74494 -0.44685 -0.2768 -0.66711 -0.43441 0.72448 0.72448 0.998 0.72958 0.998 0.72448 -0.1877 0.72448 -0.44504 0.996 0.10904 0.72448 -0.095365 -0.44889 0.7271 0.95478 0.10502 -0.25838 -0.21879 0.73049 -0.4471 0.73219 0.99399 0.996 -0.4471 0.7254 0.14653 -0.44889 0.73219 -0.4471 -0.4471 0.12735 -0.44323 0.72371 0.72371 -0.4471 0.22285 -0.38514 0.98799 -0.13404 -0.13404 -0.11543 0.041738 0.045106 -0.046187 0.0068731 0.114 0.114 0.114 -0.11321 0.040483 0.0037965
1 0.27691 0.27691 0.96824 0.97283 0.73219 0.73219 0.73219 1 0.73219 1 0.99769 0.73219 0.99538 0.73219 0.26118 0.73219 0.26345 0.99768 0.99536 0.73366 0.030256 0.72935 0.73219 1 0.99305 -0.3509 0.97467 0.55741 0.26797 0.99305 0.73072 0.73219 0.28666 0.72788 0.72788 0.72788 0.72788 0.73082 0.73082 0.27468 0.73229 0.2543 0.076896 0.97727 0.27912 -0.30607 -0.91241 0.26797 0.99072 0.99072 0.73366 0.99769 0.73072 0.99072 0.11579 0.99072 0.27801 0.72926 0.079839 0.99072 0.070663 0.27691 0.99305 0.67157 0.076896 -0.35538 0.13497 0.99304 0.2758 0.99536 0.72935 0.73082 0.2758 0.99073 0.10729 0.27691 0.99536 0.2758 0.2758 0.093245 0.27691 0.98842 0.98842 0.2758 0.16317 -0.52782 0.71788 0.029533 0.029533 -0.14759 0.091359 0.093402 0.073842 0.047028 0.092579 0.092579 0.092579 -0.14795 0.095423 0.048782
0.73219 -0.44889 -0.44889 0.75264 0.75264 1 1 1 0.73219 1 0.73219 0.72958 0.99599 0.73128 0.99599 -0.4234 0.99599 -0.42708 0.73049 0.73219 0.998 -0.5223 0.998 0.99599 0.73219 0.7271 -0.25693 0.74069 0.75723 -0.42861 0.7271 0.99399 0.99599 0.20989 0.99599 0.99599 0.99599 0.99599 0.996 0.996 -0.44529 0.99401 -0.41225 0.10502 0.74494 -0.44685 -0.2768 -0.66711 -0.43441 0.72448 0.72448 0.998 0.72958 0.998 0.72448 -0.1877 0.72448 -0.44504 0.996 0.10904 0.72448 -0.095365 -0.44889 0.7271 0.95478 0.10502 -0.25838 -0.21879 0.73049 -0.4471 0.73219 0.99399 0.996 -0.4471 0.7254 0.14653 -0.44889 0.73219 -0.4471 -0.4471 0.12735 -0.44323 0.72371 0.72371 -0.4471 0.22285 -0.38514 0.98799 -0.13404 -0.13404 -0.11543 0.041738 0.045106 -0.046187 0.0068731 0.114 0.114 0.114 -0.11321 0.040483 0.0037965
1 0.27691 0.27691 0.96824 0.97283 0.73219 0.73219 0.73219 1 0.73219 1 0.99769 0.73219 0.99538 0.73219 0.26118 0.73219 0.26345 0.99768 0.99536 0.73366 0.030256 0.72935 0.73219 1 0.99305 -0.3509 0.97467 0.55741 0.26797 0.99305 0.73072 0.73219 0.28666 0.72788 0.72788 0.72788 0.72788 0.73082 0.73082 0.27468 0.73229 0.2543 0.076896 0.97727 0.27912 -0.30607 -0.91241 0.26797 0.99072 0.99072 0.73366 0.99769 0.73072 0.99072 0.11579 0.99072 0.27801 0.72926 0.079839 0.99072 0.070663 0.27691 0.99305 0.67157 0.076896 -0.35538 0.13497 0.99304 0.2758 0.99536 0.72935 0.73082 0.2758 0.99073 0.10729 0.27691 0.99536 0.2758 0.2758 0.093245 0.27691 0.98842 0.98842 0.2758 0.16317 -0.52782 0.71788 0.029533 0.029533 -0.14759 0.091359 0.093402 0.073842 0.047028 0.092579 0.092579 0.092579 -0.14795 0.095423 0.048782
0.99769 0.27755 0.27755 0.96591 0.9705 0.72958 0.72958 0.72958 0.99769 0.72958 0.99769 1 0.73389 0.99769 0.73389 0.26178 0.73389 0.26406 0.99537 0.99305 0.73105 0.031258 0.72674 0.72958 0.99769 0.99075 -0.35009 0.97236 0.55434 0.26859 0.99075 0.73242 0.72958 0.28599 0.72527 0.72527 0.72527 0.72527 0.72822 0.72822 0.27532 0.72969 0.25489 0.077074 0.97954 0.27977 -0.30526 -0.91029 0.26859 0.99306 0.99306 0.73105 1 0.73242 0.99306 0.11605 0.99306 0.27866 0.73095 0.080024 0.99306 0.070827 0.27755 0.99075 0.6691 0.077074 -0.35455 0.13528 0.99073 0.27644 0.99305 0.72674 0.72822 0.27644 0.98844 0.10753 0.27755 0.99305 0.27644 0.27644 0.093461 0.27755 0.98613 0.98613 0.27644 0.16355 -0.53333 0.7196 0.029771 0.029771 -0.14706 0.091847 0.093893 0.074013 0.047874 0.092875 0.092875 0.092875 -0.1474 0.095917 0.04963
0.73219 -0.44323 -0.44323 0.75264 0.75264 0.99599 0.99599 0.99599 0.73219 0.99599 0.73219 0.73389 1 0.73559 1 -0.4234 1 -0.42708 0.73049 0.73219 0.998 -0.5223 0.99399 0.99599 0.73219 0.7271 -0.25693 0.74069 0.75723 -0.42861 0.7271 0.998 0.99599 0.20989 0.99199 0.99199 0.99199 0.99199 0.99199 0.99199 -0.44529 0.99401 -0.41225 0.10502 0.74922 -0.44122 -0.2768 -0.66711 -0.43441 0.72879 0.72879 0.998 0.73389 0.998 0.72879 -0.17578 0.72879 -0.43939 0.996 0.10904 0.72879 -0.095365 -0.44323 0.7271 0.95478 0.10502 -0.25838 -0.21879 0.73049 -0.4471 0.73219 0.99399 0.996 -0.4471 0.7254 0.14653 -0.44323 0.73219 -0.4471 -0.4471 0.12735 -0.44323 0.72371 0.72371 -0.4471 0.22285 -0.39141 0.98799 -0.13404 -0.13404 -0.11543 0.041738 0.045106 -0.046187 0.0068731 0.114 0.114 0.114 -0.11321 0.040483 0.0037965
0.99538 0.27819 0.27819 0.96818 0.96818 0.73128 0.73128 0.73128 0.99538 0.73128 0.99538 0.99769 0.73559 1 0.73559 0.26239 0.73559 0.26467 0.99307 0.99538 0.73276 0.032259 0.72845 0.73128 0.99538 0.98846 -0.34928 0.97006 0.55563 0.26921 0.98846 0.73411 0.73128 0.28533 0.72698 0.72698 0.72698 0.72698 0.72563 0.72563 0.27596 0.72711 0.25548 0.077253 0.97721 0.27437 -0.30445 -0.90818 0.26298 0.99077 0.99077 0.73276 0.99769 0.73411 0.99077 0.11632 0.99077 0.2793 0.73265 0.080209 0.99077 0.070991 0.27819 0.98846 0.67097 0.077253 -0.35371 0.13559 0.99307 0.27708 0.99538 0.72845 0.72993 0.27708 0.98616 0.10778 0.27819 0.99538 0.27708 0.27708 0.093677 0.27819 0.98386 0.98386 0.27708 0.16393 -0.5321 0.72132 0.012324 0.012324 -0.14653 0.092336 0.094385 0.074185 0.048719 0.09317 0.09317 0.09317 -0.14686 0.096411 0.050477
0.73219 -0.44323 -0.44323 0.75264 0.75264 0.99599 0.99599 0.99599 0.73219 0.99599 0.73219 0.73389 1 0.73559 1 -0.4234 1 -0.42708 0.73049 0.73219 0.998 -0.5223 0.99399 0.99599 0.73219 0.7271 -0.25693 0.74069 0.75723 -0.42861 0.7271 0.998 0.99599 0.20989 0.99199 0.99199 0.99199 0.99199 0.99199 0.99199 -0.44529 0.99401 -0.41225 0.10502 0.74922 -0.44122 -0.2768 -0.66711 -0.43441 0.72879 0.72879 0.998 0.73389 0.998 0.72879 -0.17578 0.72879 -0.43939 0.996 0.10904 0.72879 -0.095365 -0.44323 0.7271 0.95478 0.10502 -0.25838 -0.21879 0.73049 -0.4471 0.73219 0.99399 0.996 -0.4471 0.7254 0.14653 -0.44323 0.73219 -0.4471 -0.4471 0.12735 -0.44323 0.72371 0.72371 -0.4471 0.22285 -0.39141 0.98799 -0.13404 -0.13404 -0.11543 0.041738 0.045106 -0.046187 0.0068731 0.114 0.114 0.114 -0.11321 0.040483 0.0037965
0.26118 0.9432 0.9432 0.26847 0.26847 -0.4234 -0.4234 -0.4234 0.26118 -0.4234 0.26118 0.26178 -0.4234 0.26239 -0.4234 1 -0.4234 0.90473 0.26057 0.26118 -0.42425 0.73512 -0.42425 -0.4234 0.26118 0.25936 -0.091648 0.26421 -0.32233 0.97466 0.25936 -0.42255 -0.4234 0.074868 -0.4234 -0.4234 -0.4234 -0.4234 -0.4251 -0.4251 0.94243 -0.42595 0.93809 -0.044466 0.26095 0.93572 -0.098737 -0.23956 0.97466 0.25997 0.25997 -0.42425 0.26178 -0.42255 0.25997 0.35534 0.25997 0.93944 -0.42171 -0.046168 0.25997 0.24224 0.9432 0.25936 -0.44345 -0.044466 -0.095244 0.45575 0.26057 0.947 0.26118 -0.42425 -0.4251 0.947 0.25876 -0.062039 0.9432 0.26118 0.947 0.947 -0.05392 0.9432 0.25815 0.25815 0.947 -0.094355 -0.13962 -0.4251 0.19511 0.19511 -0.023807 -0.0078486 -0.0093433 0.14713 0.0059322 -0.033517 -0.033517 -0.033517 -0.027319 0.00090928 0.013137
0.73219 -0.44323 -0.44323 0.75264 0.75264 0.99599 0.99599 0.99599 0.73219 0.99599 0.73219 0.73389 1 0.73559 1 -0.4234 1 -0.42708 0.73049 0.73219 0.998 -0.5223 0.99399 0.99599 0.73219 0.7271 -0.25693 0.74069 0.75723 -0.42861 0.7271 0.998 0.99599 0.20989 0.99199 0.99199 0.99199 0.99199 0.99199 0.99199 -0.44529 0.99401 -0.41225 0.10502 0.74922 -0.44122 -0.2768 -0.66711 -0.43441 0.72879 0.72879 0.998 0.73389 0.998 0.72879 -0.17578 0.72879 -0.43939 0.996 0.10904 0.72879 -0.095365 -0.44323 0.7271 0.95478 0.10502 -0.25838 -0.21879 0.73049 -0.4471 0.73219 0.99399 0.996 -0.4471 0.7254 0.14653 -0.44323 0.73219 -0.4471 -0.4471 0.12735 -0.44323 0.72371 0.72371 -0.4471 0.22285 -0.39141 0.98799 -0.13404 -0.13404 -0.11543 0.041738 0.045106 -0.046187 0.0068731 0.114 0.114 0.114 -0.11321 0.040483 0.0037965
0.26345 0.95141 0.95141 0.19574 0.19574 -0.42708 -0.42708 -0.42708 0.26345 -0.42708 0.26345 0.26406 -0.42708 0.26467 -0.42708 0.90473 -0.42708 1 0.26284 0.26345 -0.42794 0.8177 -0.42794 -0.42708 0.26345 0.26162 -0.092445 0.21618 -0.32513 0.91511 0.26162 -0.42623 -0.42708 0.07552 -0.42708 -0.42708 -0.42708 -0.42708 -0.4288 -0.4288 0.95075 -0.42966 0.96527 -0.044853 0.21319 0.94386 -0.0015352 -0.24164 0.91511 0.26223 0.26223 -0.42794 0.26406 -0.42623 0.26223 0.42201 0.26223 0.94762 -0.42538 -0.04657 0.26223 -0.041217 0.95141 0.26162 -0.44731 -0.044853 -0.096072 0.5123 0.26284 0.95524 0.26345 -0.42794 -0.4288 0.95524 0.26101 -0.062579 0.95141 0.26345 0.95524 0.95524 -0.054389 0.95141 0.2604 0.2604 0.95524 -0.095176 -0.14083 -0.4288 -0.048228 -0.048228 -0.02475 0.073359 0.071286 -0.043072 0.0034741 -0.03433 -0.03433 -0.03433 -0.028273 0.080898 0.010623
0.99768 0.27626 0.27626 0.96598 0.97058 0.73049 0.73049 0.73049 0.99768 0.73049 0.99768 0.99537 0.73049 0.99307 0.73049 0.26057 0.73049 0.26284 1 0.99768 0.73196 0.029253 0.72764 0.73049 0.99768 0.9907 -0.35172 0.97236 0.55612 0.26735 0.9907 0.72903 0.73049 0.28732 0.72618 0.72618 0.72618 0.72618 0.72911 0.72911 0.27405 0.73058 0.25371 0.076718 0.975 0.27847 -0.30689 -0.90972 0.26735 0.98838 0.98838 0.73196 0.99537 0.72903 0.98838 0.11552 0.98838 0.27737 0.72757 0.079654 0.98838 0.070499 0.27626 0.9907 0.66971 0.076718 -0.35622 0.13465 0.99071 0.27516 0.99304 0.72764 0.72911 0.27516 0.98838 0.10704 0.27626 0.99304 0.27516 0.27516 0.093028 0.27626 0.98606 0.98606 0.27516 0.16279 -0.52906 0.71616 0.029295 0.029295 -0.13623 0.090869 0.09291 0.073671 0.052264 0.092284 0.092284 0.092284 -0.13692 0.094928 0.053999
0.99536 0.27691 0.27691 0.96824 0.96824 0.73219 0.73219 0.73219 0.99536 0.73219 0.99536 0.99305 0.73219 0.99538 0.73219 0.26118 0.73219 0.26345 0.99768 1 0.73366 0.030256 0.72935 0.73219 0.99536 0.9884 -0.3509 0.97005 0.55741 0.26797 0.9884 0.73072 0.73219 0.28666 0.72788 0.72788 0.72788 0.72788 0.72651 0.72651 0.27468 0.72798 0.2543 0.076896 0.97267 0.27306 -0.30607 -0.9076 0.26173 0.98607 0.98607 0.73366 0.99305 0.73072 0.98607 0.11579 0.98607 0.27801 0.72926 0.079839 0.98607 0.070663 0.27691 0.9884 0.67157 0.076896 -0.35538 0.13497 0.99304 0.2758 0.99536 0.72935 0.73082 0.2758 0.98608 0.10729 0.27691 0.99536 0.2758 0.2758 0.093245 0.27691 0.98376 0.98376 0.2758 0.16317 -0.52782 0.71788 0.011817 0.011817 -0.13571 0.091359 0.093402 0.073842 0.053106 0.092579 0.092579 0.092579 -0.13639 0.095423 0.054843
0.73366 -0.44413 -0.44413 0.75415 0.75415 0.998 0.998 0.998 0.73366 0.998 0.73366 0.73105 0.998 0.73276 0.998 -0.42425 0.998 -0.42794 0.73196 0.73366 1 -0.52335 0.99599 0.998 0.73366 0.72856 -0.25744 0.74218 0.75977 -0.42948 0.72856 0.996 0.998 0.21031 0.99399 0.99399 0.99399 0.99399 0.99399 0.99399 -0.44618 0.996 -0.41308 0.10481 0.74645 -0.44212 -0.27736 -0.66845 -0.43528 0.72594 0.72594 1 0.73105 0.996 0.72594 -0.17615 0.72594 -0.4403 0.99401 0.10882 0.72594 -0.095591 -0.44413 0.72856 0.95669 0.10481 -0.25891 -0.21923 0.73196 -0.44799 0.73366 0.99599 0.998 -0.44799 0.72686 0.14623 -0.44413 0.73366 -0.44799 -0.44799 0.1271 -0.44413 0.72516 0.72516 -0.44799 0.22241 -0.38592 0.98598 -0.13431 -0.13431 -0.11582 0.041216 0.044581 -0.046414 0.0060487 0.11367 0.11367 0.11367 -0.11361 0.039953 0.0029683
0.030256 0.77982 0.77982 -0.023253 -0.023253 -0.5223 -0.5223 -0.5223 0.030256 -0.5223 0.030256 0.031258 -0.5223 0.032259 -0.5223 0.73512 -0.5223 0.8177 0.029253 0.030256 -0.52335 1 -0.52335 -0.5223 0.030256 0.027241 0.49191 -0.0086247 -0.39762 0.75019 0.027241 -0.52125 -0.5223 0.092357 -0.5223 -0.5223 -0.5223 -0.5223 -0.5244 -0.5244 0.77975 -0.52545 0.7893 -0.054853 -0.0089473 0.77275 0.52996 0.0013392 0.75019 0.028247 0.028247 -0.52335 0.031258 -0.52125 0.028247 0.34414 0.028247 0.77627 -0.52021 -0.056952 0.028247 -0.050407 0.77982 0.027241 -0.54704 -0.054853 0.45606 0.41891 0.029253 0.78341 0.030256 -0.52335 -0.5244 0.78341 0.026232 -0.076531 0.77982 0.030256 0.78341 0.78341 -0.066515 0.77982 0.025222 0.04182 0.78341 -0.1164 -0.17223 -0.51416 -0.03794 -0.03794 -0.047328 0.027458 0.025355 -0.029186 -0.046716 -0.054066 -0.054066 -0.054066 -0.051173 0.033441 -0.040732
0.72935 -0.44979 -0.44979 0.74988 0.74988 0.998 0.998 0.998 0.72935 0.998 0.72935 0.72674 0.99399 0.72845 0.99399 -0.42425 0.99399 -0.42794 0.72764 0.72935 0.99599 -0.52335 1 0.99399 0.72935 0.72423 -0.25744 0.73788 0.75571 -0.42948 0.72423 0.992 0.99399 0.21031 0.99399 0.99399 0.99399 0.99399 0.99399 0.99399 -0.44618 0.99199 -0.41308 0.10481 0.74217 -0.44776 -0.27736 -0.66398 -0.43528 0.72162 0.72162 0.99599 0.72674 0.996 0.72162 -0.18808 0.72162 -0.44595 0.99401 0.10882 0.72162 -0.095591 -0.44979 0.72423 0.95267 0.10481 -0.25891 -0.21923 0.72764 -0.44799 0.72935 0.99199 0.99399 -0.44799 0.72253 0.14623 -0.44979 0.72935 -0.44799 -0.44799 0.1271 -0.44413 0.72083 0.72083 -0.44799 0.22241 -0.38592 0.98598 -0.13431 -0.13431 -0.11582 0.041216 0.044581 -0.046414 0.011699 0.11367 0.11367 0.11367 -0.10287 0.039953 0.0086023
0.73219 -0.44323 -0.44323 0.75264 0.75264 0.99599 0.99599 0.99599 0.73219 0.99599 0.73219 0.72958 0.99599 0.73128 0.99599 -0.4234 0.99599 -0.42708 0.73049 0.73219 0.998 -0.5223 0.99399 1 0.73219 0.7271 -0.25693 0.74069 0.75723 -0.42861 0.7271 0.99399 0.99599 0.20989 0.99199 0.99199 0.99199 0.99199 0.99199 0.99199 -0.44529 0.99401 -0.41225 0.10502 0.74494 -0.44122 -0.2768 -0.66711 -0.43441 0.72448 0.72448 0.998 0.72958 0.99399 0.72448 -0.17578 0.72448 -0.43939 0.992 0.10904 0.72448 -0.095365 -0.44323 0.7271 0.95478 0.10502 -0.25838 -0.21879 0.73049 -0.4471 0.73219 0.99399 0.996 -0.4471 0.7254 0.14653 -0.44323 0.73219 -0.4471 -0.4471 0.12735 -0.44323 0.72371 0.72371 -0.4471 0.22285 -0.38514 0.98398 -0.13404 -0.13404 -0.11543 0.033678 0.037103 -0.046187 0.0012241 0.114 0.114 0.114 -0.11321 0.032535 -0.0018366
1 0.27691 0.27691 0.96824 0.97283 0.73219 0.73219 0.73219 1 0.73219 1 0.99769 0.73219 0.99538 0.73219 0.26118 0.73219 0.26345 0.99768 0.99536 0.73366 0.030256 0.72935 0.73219 1 0.99305 -0.3509 0.97467 0.55741 0.26797 0.99305 0.73072 0.73219 0.28666 0.72788 0.72788 0.72788 0.72788 0.73082 0.73082 0.27468 0.73229 0.2543 0.076896 0.97727 0.27912 -0.30607 -0.91241 0.26797 0.99072 0.99072 0.73366 0.99769 0.73072 0.99072 0.11579 0.99072 0.27801 0.72926 0.079839 0.99072 0.070663 0.27691 0.99305 0.67157 0.076896 -0.35538 0.13497 0.99304 0.2758 0.99536 0.72935 0.73082 0.2758 0.99073 0.10729 0.27691 0.99536 0.2758 0.2758 0.093245 0.27691 0.98842 0.98842 0.2758 0.16317 -0.52782 0.71788 0.029533 0.029533 -0.14759 0.091359 0.093402 0.073842 0.047028 0.092579 0.092579 0.092579 -0.14795 0.095423 0.048782
0.99305 0.27498 0.27498 0.96147 0.96607 0.7271 0.7271 0.7271 0.99305 0.7271 0.99305 0.99075 0.7271 0.98846 0.7271 0.25936 0.7271 0.26162 0.9907 0.9884 0.72856 0.027241 0.72423 0.7271 0.99305 1 -0.35336 0.98165 0.55353 0.26611 1 0.72564 0.7271 0.28866 0.72278 0.72278 0.72278 0.72278 0.7257 0.7257 0.27277 0.72716 0.25253 0.076361 0.97048 0.27718 -0.30853 -0.90436 0.26611 0.99767 0.99767 0.72856 0.99075 0.72564 0.99767 0.11498 0.99767 0.27608 0.72419 0.079284 0.99767 0.070172 0.27498 1 0.66599 0.076361 -0.35791 0.13403 0.98605 0.27388 0.9884 0.72423 0.7257 0.27388 0.99767 0.10654 0.27498 0.9884 0.27388 0.27388 0.092596 0.27498 0.99534 0.98133 0.27388 0.16203 -0.53155 0.71273 0.082108 0.082108 -0.14919 0.08989 0.091925 0.073329 0.050576 0.091693 0.091693 0.091693 -0.14958 0.093938 0.052307
-0.3509 -0.097167 -0.097167 -0.34137 -0.34137 -0.25693 -0.25693 -0.25693 -0.3509 -0.25693 -0.3509 -0.35009 -0.25693 -0.34928 -0.25693 -0.091648 -0.25693 -0.092445 -0.35172 -0.3509 -0.25744 0.49191 -0.25744 -0.25693 -0.3509 -0.35336 1 -0.34687 -0.1956 -0.094031 -0.35336 -0.25641 -0.25693 0.045431 -0.25693 -0.25693 -0.25693 -0.25693 -0.25796 -0.25796 -0.096387 -0.25848 -0.089235 -0.026983 -0.34293 -0.097944 0.9282 0.37261 -0.094031 -0.35254 -0.35254 -0.25744 -0.35009 -0.25641 -0.35254 -0.04063 -0.35254 -0.097556 -0.2559 -0.028016 -0.35254 -0.024796 -0.097167 -0.35336 -0.2691 -0.026983 0.943 -0.04736 -0.35172 -0.096777 -0.3509 -0.25744 -0.25796 -0.096777 -0.35418 -0.037647 -0.097167 -0.3509 -0.096777 -0.096777 -0.03272 -0.097167 -0.35501 -0.32605 -0.096777 -0.057256 -0.084723 -0.24009 -0.029014 -0.029014 -0.044106 -0.062488 -0.062994 -0.025911 -0.097556 -0.041345 -0.041345 -0.041345 -0.045431 -0.063496 -0.097944
0.97467 0.23156 0.23156 0.97956 0.98413 0.74069 0.74069 0.74069 0.97467 0.74069 0.97467 0.97236 0.74069 0.97006 0.74069 0.26421 0.74069 0.21618 0.97236 0.97005 0.74218 -0.0086247 0.73788 0.74069 0.97467 0.98165 -0.34687 1 0.56388 0.27108 0.98165 0.73921 0.74069 0.28336 0.7364 0.7364 0.7364 0.7364 0.73937 0.73937 0.22904 0.74086 0.25725 0.077789 0.98862 0.23408 -0.37371 -0.88754 0.27108 0.97931 0.97931 0.74218 0.97236 0.73921 0.97931 0.11713 0.97931 0.23282 0.73773 0.080766 0.97931 0.071483 0.23156 0.98165 0.68088 0.077789 -0.35124 0.13653 0.96774 0.2303 0.97005 0.73788 0.73937 0.2303 0.97936 0.10853 0.23156 0.97005 0.2303 0.2303 0.094327 0.23156 0.97708 0.96316 0.2303 0.16506 -0.52172 0.72649 0.083643 0.083643 -0.14496 0.033355 0.035833 0.074699 0.014933 0.094056 0.094056 0.094056 -0.14525 0.03828 0.016799
0.55741 -0.336 -0.336 0.57298 0.57298 0.75723 0.75723 0.75723 0.55741 0.75723 0.55741 0.55434 0.75723 0.55563 0.75723 -0.32233 0.75723 -0.32513 0.55612 0.55741 0.75977 -0.39762 0.75571 0.75723 0.55741 0.55353 -0.1956 0.56388 1 -0.32483 0.55353 0.7547 0.75723 0.15978 0.75317 0.75317 0.75317 0.75317 0.75419 0.75419 -0.339 0.75673 -0.31384 -0.0949 0.56604 -0.33305 -0.21073 -0.50673 -0.33071 0.55045 0.55045 0.75977 0.55434 0.7547 0.55045 -0.13081 0.55045 -0.33165 0.75217 -0.098532 0.55045 -0.067755 -0.336 0.55353 0.72686 -0.0949 -0.19452 -0.16657 0.55612 -0.34037 0.55741 0.75571 0.75825 -0.34037 0.55224 -0.1324 -0.336 0.55741 -0.34037 -0.34037 -0.11508 -0.336 0.55096 0.55096 -0.34037 -0.20137 -0.29162 0.74606 -0.10204 -0.10204 -0.07676 -0.064535 -0.059279 -0.016596 -0.079666 0.021091 0.021091 0.021091 -0.072661 -0.062157 -0.08177
0.26797 0.95952 0.95952 0.25074 0.25074 -0.42861 -0.42861 -0.42861 0.26797 -0.42861 0.26797 0.26859 -0.42861 0.26921 -0.42861 0.97466 -0.42861 0.91511 0.26735 0.26797 -0.42948 0.75019 -0.42948 -0.42861 0.26797 0.26611 -0.094031 0.27108 -0.32483 1 0.26611 -0.43354 -0.43441 0.076815 -0.43441 -0.43441 -0.43441 -0.43441 -0.43035 -0.43035 0.95906 -0.43122 0.949 -0.045622 0.26801 0.96005 -0.1013 -0.24579 0.9916 0.26673 0.26673 -0.42948 0.26859 -0.42774 0.26673 0.41482 0.26673 0.96387 -0.43267 -0.047368 0.26673 0.23591 0.95952 0.26611 -0.44915 -0.045622 -0.09772 0.50366 0.26735 0.9634 0.26797 -0.43528 -0.43035 0.9634 0.26549 -0.063652 0.95952 0.26797 0.9634 0.9634 -0.055322 0.96773 0.26487 0.26487 0.9634 -0.096808 -0.14325 -0.43615 0.21319 0.21319 -0.026606 -0.012296 -0.0138 0.1691 0.0068301 -0.035932 -0.035932 -0.035932 -0.030151 -0.0037754 0.013849
0.99305 0.27498 0.27498 0.96147 0.96607 0.7271 0.7271 0.7271 0.99305 0.7271 0.99305 0.99075 0.7271 0.98846 0.7271 0.25936 0.7271 0.26162 0.9907 0.9884 0.72856 0.027241 0.72423 0.7271 0.99305 1 -0.35336 0.98165 0.55353 0.26611 1 0.72564 0.7271 0.28866 0.72278 0.72278 0.72278 0.72278 0.7257 0.7257 0.27277 0.72716 0.25253 0.076361 0.97048 0.27718 -0.30853 -0.90436 0.26611 0.99767 0.99767 0.72856 0.99075 0.72564 0.99767 0.11498 0.99767 0.27608 0.72419 0.079284 0.99767 0.070172 0.27498 1 0.66599 0.076361 -0.35791 0.13403 0.98605 0.27388 0.9884 0.72423 0.7257 0.27388 0.99767 0.10654 0.27498 0.9884 0.27388 0.27388 0.092596 0.27498 0.99534 0.98133 0.27388 0.16203 -0.53155 0.71273 0.082108 0.082108 -0.14919 0.08989 0.091925 0.073329 0.050576 0.091693 0.091693 0.091693 -0.14958 0.093938 0.052307
0.73072 -0.44233 -0.44233 0.75113 0.75113 0.99399 0.99399 0.99399 0.73072 0.99399 0.73072 0.73242 0.998 0.73411 0.998 -0.42255 0.998 -0.42623 0.72903 0.73072 0.996 -0.52125 0.992 0.99399 0.73072 0.72564 -0.25641 0.73921 0.7547 -0.43354 0.72564 1 0.998 0.20947 0.99399 0.99399 0.99399 0.99399 0.99 0.99 -0.4444 0.99202 -0.41143 0.10523 0.74772 -0.44595 -0.27625 -0.66576 -0.43354 0.72734 0.72734 0.996 0.73242 0.996 0.72734 -0.1754 0.72734 -0.44414 0.998 0.10926 0.72734 -0.095139 -0.44233 0.72564 0.95287 0.10523 -0.25784 -0.21836 0.72903 -0.4462 0.73072 0.996 0.99401 -0.4462 0.72395 0.14682 -0.44233 0.73072 -0.4462 -0.4462 0.12761 -0.448 0.72226 0.72226 -0.4462 0.2233 -0.39062 0.99 -0.13377 -0.13377 -0.11503 0.042259 0.045632 -0.04596 0.0076972 0.11433 0.11433 0.11433 -0.1128 0.041014 0.0046244
0.73219 -0.44323 -0.44323 0.75264 0.75264 0.99599 0.99599 0.99599 0.73219 0.99599 0.73219 0.72958 0.99599 0.73128 0.99599 -0.4234 0.99599 -0.42708 0.73049 0.73219 0.998 -0.5223 0.99399 0.99599 0.73219 0.7271 -0.25693 0.74069 0.75723 -0.43441 0.7271 0.998 1 0.20989 0.99599 0.99599 0.99599 0.99599 0.99199 0.99199 -0.44529 0.99401 -0.41225 0.10502 0.74494 -0.44685 -0.2768 -0.66711 -0.43441 0.72448 0.72448 0.998 0.72958 0.99399 0.72448 -0.17578 0.72448 -0.44504 0.996 0.10904 0.72448 -0.095365 -0.44323 0.7271 0.95478 0.10502 -0.25838 -0.21879 0.73049 -0.4471 0.73219 0.998 0.996 -0.4471 0.7254 0.14653 -0.44323 0.73219 -0.4471 -0.4471 0.12735 -0.44889 0.72371 0.72371 -0.4471 0.22285 -0.38514 0.98799 -0.13404 -0.13404 -0.11543 0.041738 0.045106 -0.046187 0.0068731 0.114 0.114 0.114 -0.11321 0.040483 0.0037965
0.28666 0.079377 0.079377 0.27887 0.27887 0.20989 0.20989 0.20989 0.28666 0.20989 0.28666 0.28599 0.20989 0.28533 0.20989 0.074868 0.20989 0.07552 0.28732 0.28666 0.21031 0.092357 0.21031 0.20989 0.28666 0.28866 0.045431 0.28336 0.15978 0.076815 0.28866 0.20947 0.20989 1 0.19914 0.19914 0.19914 0.19914 0.19998 0.19998 0.07874 0.2004 0.072897 0.022043 0.28014 0.080012 0.048946 0.10677 0.076815 0.28799 0.28799 0.21031 0.28599 0.20947 0.28799 0.033191 0.28799 0.079694 0.20905 0.022886 0.28799 0.020256 0.079377 0.28866 0.21983 0.022043 0.047214 0.038689 0.27575 0.079058 0.28666 0.21031 0.21073 0.079058 0.28934 0.030754 0.079377 0.28666 0.079058 0.079058 0.026729 0.079377 0.29001 0.29001 0.079058 0.046773 0.035575 0.21073 0.023701 0.023701 0.036031 0.051047 0.05146 0.021167 0.079694 0.033775 0.033775 0.033775 0.037113 0.05187 0.080012
0.72788 -0.44889 -0.44889 0.74837 0.74837 0.99599 0.99599 0.99599 0.72788 0.99599 0.72788 0.72527 0.99199 0.72698 0.99199 -0.4234 0.99199 -0.42708 0.72618 0.72788 0.99399 -0.5223 0.99399 0.99199 0.72788 0.72278 -0.25693 0.7364 0.75317 -0.43441 0.72278 0.99399 0.99599 0.19914 1 1 1 1 0.996 0.996 -0.44529 0.99401 -0.41225 0.10502 0.74067 -0.45249 -0.2768 -0.66711 -0.43441 0.72016 0.72016 0.99399 0.72527 0.99399 0.72016 -0.1877 0.72016 -0.45069 0.996 0.10904 0.72016 -0.095365 -0.44889 0.72278 0.95075 0.10502 -0.25838 -0.21879 0.72618 -0.4471 0.72788 0.99399 0.99199 -0.4471 0.72108 0.14653 -0.44889 0.72788 -0.4471 -0.4471 0.12735 -0.44889 0.71938 0.71938 -0.4471 0.22285 -0.38514 0.98799 -0.13404 -0.13404 -0.11543 0.041738 0.045106 -0.046187 0.0068731 0.114 0.114 0.114 -0.11321 0.040483 0.0037965
0.72788 -0.44889 -0.44889 0.74837 0.74837 0.99599 0.99599 0.99599 0.72788 0.99599 0.72788 0.72527 0.99199 0.72698 0.99199 -0.4234 0.99199 -0.42708 0.72618 0.72788 0.99399 -0.5223 0.99399 0.99199 0.72788 0.72278 -0.25693 0.7364 0.75317 -0.43441 0.72278 0.99399 0.99599 0.19914 1 1 1 1 0.996 0.996 -0.44529 0.99401 -0.41225 0.10502 0.74067 -0.45249 -0.2768 -0.66711 -0.43441 0.72016 0.72016 0.99399 0.72527 0.99399 0.72016 -0.1877 0.72016 -0.45069 0.996 0.10904 0.72016 -0.095365 -0.44889 0.72278 0.95075 0.10502 -0.25838 -0.21879 0.72618 -0.4471 0.72788 0.99399 0.99199 -0.4471 0.72108 0.14653 -0.44889 0.72788 -0.4471 -0.4471 0.12735 -0.44889 0.71938 0.71938 -0.4471 0.22285 -0.38514 0.98799 -0.13404 -0.13404 -0.11543 0.041738 0.045106 -0.046187 0.0068731 0.114 0.114 0.114 -0.11321 0.040483 0.0037965
0.72788 -0.44889 -0.44889 0.74837 0.74837 0.99599 0.99599 0.99599 0.72788 0.99599 0.72788 0.72527 0.99199 0.72698 0.99199 -0.4234 0.99199 -0.42708 0.72618 0.72788 0.99399 -0.5223 0.99399 0.99199 0.72788 0.72278 -0.25693 0.7364 0.75317 -0.43441 0.72278 0.99399 0.99599 0.19914 1 1 1 1 0.996 0.996 -0.44529 0.99401 -0.41225 0.10502 0.74067 -0.45249 -0.2768 -0.66711 -0.43441 0.72016 0.72016 0.99399 0.72527 0.99399 0.72016 -0.1877 0.72016 -0.45069 0.996 0.10904 0.72016 -0.095365 -0.44889 0.72278 0.95075 0.10502 -0.25838 -0.21879 0.72618 -0.4471 0.72788 0.99399 0.99199 -0.4471 0.72108 0.14653 -0.44889 0.72788 -0.4471 -0.4471 0.12735 -0.44889 0.71938 0.71938 -0.4471 0.22285 -0.38514 0.98799 -0.13404 -0.13404 -0.11543 0.041738 0.045106 -0.046187 0.0068731 0.114 0.114 0.114 -0.11321 0.040483 0.0037965
0.72788 -0.44889 -0.44889 0.74837 0.74837 0.99599 0.99599 0.99599 0.72788 0.99599 0.72788 0.72527 0.99199 0.72698 0.99199 -0.4234 0.99199 -0.42708 0.72618 0.72788 0.99399 -0.5223 0.99399 0.99199 0.72788 0.72278 -0.25693 0.7364 0.75317 -0.43441 0.72278 0.99399 0.99599 0.19914 1 1 1 1 0.996 0.996 -0.44529 0.99401 -0.41225 0.10502 0.74067 -0.45249 -0.2768 -0.66711 -0.43441 0.72016 0.72016 0.99399 0.72527 0.99399 0.72016 -0.1877 0.72016 -0.45069 0.996 0.10904 0.72016 -0.095365 -0.44889 0.72278 0.95075 0.10502 -0.25838 -0.21879 0.72618 -0.4471 0.72788 0.99399 0.99199 -0.4471 0.72108 0.14653 -0.44889 0.72788 -0.4471 -0.4471 0.12735 -0.44889 0.71938 0.71938 -0.4471 0.22285 -0.38514 0.98799 -0.13404 -0.13404 -0.11543 0.041738 0.045106 -0.046187 0.0068731 0.114 0.114 0.114 -0.11321 0.040483 0.0037965
0.73082 -0.4507 -0.4507 0.74712 0.75139 0.996 0.996 0.996 0.73082 0.996 0.73082 0.72822 0.99199 0.72563 0.99199 -0.4251 0.99199 -0.4288 0.72911 0.72651 0.99399 -0.5244 0.99399 0.99199 0.73082 0.7257 -0.25796 0.73937 0.75419 -0.43035 0.7257 0.99 0.99199 0.19998 0.996 0.996 0.996 0.996 1 1 -0.44708 0.998 -0.41391 0.1046 0.74368 -0.44303 -0.27791 -0.6698 -0.43035 0.72308 0.72308 0.99399 0.72822 0.99401 0.72308 -0.18846 0.72308 -0.44685 0.99202 0.10861 0.72308 -0.095818 -0.4507 0.7257 0.95056 0.1046 -0.25944 -0.21967 0.72479 -0.44889 0.72651 0.98998 0.99198 -0.44889 0.72399 0.14594 -0.4507 0.72651 -0.44889 -0.44889 0.12684 -0.44503 0.72229 0.72229 -0.44889 0.22196 -0.3867 0.98397 -0.11811 -0.11811 -0.11621 0.040694 0.044056 -0.046642 0.005224 0.11334 0.11334 0.11334 -0.11402 0.039423 0.0021398
0.73082 -0.4507 -0.4507 0.74712 0.75139 0.996 0.996 0.996 0.73082 0.996 0.73082 0.72822 0.99199 0.72563 0.99199 -0.4251 0.99199 -0.4288 0.72911 0.72651 0.99399 -0.5244 0.99399 0.99199 0.73082 0.7257 -0.25796 0.73937 0.75419 -0.43035 0.7257 0.99 0.99199 0.19998 0.996 0.996 0.996 0.996 1 1 -0.44708 0.998 -0.41391 0.1046 0.74368 -0.44303 -0.27791 -0.6698 -0.43035 0.72308 0.72308 0.99399 0.72822 0.99401 0.72308 -0.18846 0.72308 -0.44685 0.99202 0.10861 0.72308 -0.095818 -0.4507 0.7257 0.95056 0.1046 -0.25944 -0.21967 0.72479 -0.44889 0.72651 0.98998 0.99198 -0.44889 0.72399 0.14594 -0.4507 0.72651 -0.44889 -0.44889 0.12684 -0.44503 0.72229 0.72229 -0.44889 0.22196 -0.3867 0.98397 -0.11811 -0.11811 -0.11621 0.040694 0.044056 -0.046642 0.005224 0.11334 0.11334 0.11334 -0.11402 0.039423 0.0021398
0.27468 0.99197 0.99197 0.20952 0.20952 -0.44529 -0.44529 -0.44529 0.27468 -0.44529 0.27468 0.27532 -0.44529 0.27596 -0.44529 0.94243 -0.44529 0.95075 0.27405 0.27468 -0.44618 0.77975 -0.44618 -0.44529 0.27468 0.27277 -0.096387 0.22904 -0.339 0.95906 0.27277 -0.4444 -0.44529 0.07874 -0.44529 -0.44529 -0.44529 -0.44529 -0.44708 -0.44708 1 -0.44798 0.91722 -0.046765 0.22636 0.9841 -0.0087009 -0.25194 0.95906 0.27341 0.27341 -0.44618 0.27532 -0.4444 0.27341 0.40456 0.27341 0.98802 -0.44351 -0.048555 0.27341 0.22996 0.99197 0.27277 -0.46638 -0.046765 -0.10017 0.49135 0.27405 0.99597 0.27468 -0.44618 -0.44708 0.99597 0.27214 -0.065247 0.99197 0.27468 0.99597 0.99597 -0.056708 0.99197 0.2715 0.2715 0.99597 -0.099234 -0.14684 -0.44708 0.20733 0.20733 -0.029322 0.063655 0.061582 0.16425 0.055912 -0.038284 -0.038284 -0.038284 -0.032899 0.070848 0.062622
0.73229 -0.44593 -0.44593 0.74864 0.75291 0.99401 0.99401 0.99401 0.73229 0.99401 0.73229 0.72969 0.99401 0.72711 0.99401 -0.42595 0.99401 -0.42966 0.73058 0.72798 0.996 -0.52545 0.99199 0.99401 0.73229 0.72716 -0.25848 0.74086 0.75673 -0.43122 0.72716 0.99202 0.99401 0.2004 0.99401 0.99401 0.99401 0.99401 0.998 0.998 -0.44798 1 -0.41474 0.10439 0.74518 -0.43831 -0.27847 -0.67115 -0.43122 0.72455 0.72455 0.996 0.72969 0.99202 0.72455 -0.1769 0.72455 -0.44211 0.99003 0.10839 0.72455 -0.096045 -0.44593 0.72716 0.95248 0.10439 -0.25998 -0.22011 0.72626 -0.44979 0.72798 0.99199 0.99399 -0.44979 0.72545 0.14565 -0.44593 0.72798 -0.44979 -0.44979 0.12659 -0.44593 0.72374 0.72374 -0.44979 0.22152 -0.38749 0.98196 -0.11837 -0.11837 -0.11661 0.040173 0.04353 -0.046869 0.0043991 0.11301 0.11301 0.11301 -0.11442 0.038892 0.001311
0.2543 0.91837 0.91837 0.23572 0.23572 -0.41225 -0.41225 -0.41225 0.2543 -0.41225 0.2543 0.25489 -0.41225 0.25548 -0.41225 0.93809 -0.41225 0.96527 0.25371 0.2543 -0.41308 0.7893 -0.41308 -0.41225 0.2543 0.25253 -0.089235 0.25725 -0.31384 0.949 0.25253 -0.41143 -0.41225 0.072897 -0.41225 -0.41225 -0.41225 -0.41225 -0.41391 -0.41391 0.91722 -0.41474 1 -0.043295 0.25378 0.91108 -0.096138 -0.23325 0.949 0.25312 0.25312 -0.41308 0.25489 -0.41143 0.25312 0.43736 0.25312 0.91471 -0.4106 -0.044952 0.25312 -0.039786 0.91837 0.25253 -0.43178 -0.043295 -0.092736 0.53073 0.25371 0.92206 0.2543 -0.41308 -0.41391 0.92206 0.25195 -0.060406 0.91837 0.2543 0.92206 0.92206 -0.0525 0.91837 0.25136 0.25136 0.92206 -0.091871 -0.13594 -0.41391 -0.046554 -0.046554 -0.020914 -0.0032313 -0.0047174 -0.041576 -0.046008 -0.031029 -0.031029 -0.031029 -0.024395 0.005779 -0.038463
0.076896 -0.047144 -0.047144 0.079043 0.079043 0.10502 0.10502 0.10502 0.076896 0.10502 0.076896 0.077074 0.10502 0.077253 0.10502 -0.044466 0.10502 -0.044853 0.076718 0.076896 0.10481 -0.054853 0.10481 0.10502 0.076896 0.076361 -0.026983 0.077789 -0.0949 -0.045622 0.076361 0.10523 0.10502 0.022043 0.10502 0.10502 0.10502 0.10502 0.1046 0.1046 -0.046765 0.10439 -0.043295 1 0.078684 -0.047521 -0.02907 -0.07053 -0.045622 0.076539 0.076539 0.10481 0.077074 0.10523 0.076539 -0.019713 0.076539 -0.047332 0.10544 -0.013593 0.076539 -0.01203 -0.047144 0.076361 0.10027 1 -0.028042 -0.022978 0.076718 -0.046955 0.076896 0.10481 0.1046 -0.046955 0.076183 -0.018266 -0.047144 0.076896 -0.046955 -0.046955 -0.015875 -0.047144 0.076005 0.076005 -0.046955 -0.02778 -0.041106 0.1046 -0.014077 -0.014077 -0.021399 -0.030318 -0.030563 -0.012572 0.152 0.3939 0.3939 0.3939 -0.022043 -0.030807 0.15126
0.97727 0.22895 0.22895 0.9818 0.98635 0.74494 0.74494 0.74494 0.97727 0.74494 0.97727 0.97954 0.74922 0.97721 0.74922 0.26095 0.74922 0.21319 0.975 0.97267 0.74645 -0.0089473 0.74217 0.74494 0.97727 0.97048 -0.34293 0.98862 0.56604 0.26801 0.97048 0.74772 0.74494 0.28014 0.74067 0.74067 0.74067 0.74067 0.74368 0.74368 0.22636 0.74518 0.25378 0.078684 1 0.23152 -0.36945 -0.8916 0.26801 0.97274 0.97274 0.74645 0.97954 0.74772 0.97274 0.10575 0.97274 0.23023 0.74622 0.081696 0.97274 0.072306 0.22895 0.97048 0.68591 0.078684 -0.34717 0.12708 0.9704 0.22765 0.97267 0.74217 0.74368 0.22765 0.96822 0.10978 0.22895 0.97267 0.22765 0.22765 0.095413 0.22895 0.96595 0.96595 0.22765 0.16696 -0.52242 0.73513 0.031904 0.031904 -0.14237 0.036037 0.038528 0.075559 0.013247 0.095532 0.095532 0.095532 -0.1426 0.040987 0.01514
0.27912 0.99206 0.99206 0.20891 0.21491 -0.44685 -0.44685 -0.44685 0.27912 -0.44685 0.27912 0.27977 -0.44122 0.27437 -0.44122 0.93572 -0.44122 0.94386 0.27847 0.27306 -0.44212 0.77275 -0.44776 -0.44122 0.27912 0.27718 -0.097944 0.23408 -0.33305 0.96005 0.27718 -0.44595 -0.44685 0.080012 -0.45249 -0.45249 -0.45249 -0.45249 -0.44303 -0.44303 0.9841 -0.43831 0.91108 -0.047521 0.23152 1 -0.011454 -0.25601 0.96005 0.27783 0.27783 -0.44212 0.27977 -0.44595 0.27783 0.41482 0.27783 0.99604 -0.45068 -0.04934 0.27783 0.22618 0.99206 0.27718 -0.46259 -0.047521 -0.10179 0.48354 0.27241 0.98809 0.27306 -0.44776 -0.44303 0.98809 0.27653 -0.066301 0.99206 0.27306 0.98809 0.98809 -0.057624 0.99206 0.27589 0.27589 0.98809 -0.10084 -0.14921 -0.4543 0.22676 0.22676 -0.031089 0.05996 0.057887 0.16116 0.050637 -0.039819 -0.039819 -0.039819 -0.03469 0.067024 0.057251
-0.30607 -0.010085 -0.010085 -0.36777 -0.36777 -0.2768 -0.2768 -0.2768 -0.30607 -0.2768 -0.30607 -0.30526 -0.2768 -0.30445 -0.2768 -0.098737 -0.2768 -0.0015352 -0.30689 -0.30607 -0.27736 0.52996 -0.27736 -0.2768 -0.30607 -0.30853 0.9282 -0.37371 -0.21073 -0.1013 -0.30853 -0.27625 -0.2768 0.048946 -0.2768 -0.2768 -0.2768 -0.2768 -0.27791 -0.27791 -0.0087009 -0.27847 -0.096138 -0.02907 -0.36945 -0.011454 1 0.32825 -0.1013 -0.30771 -0.30771 -0.27736 -0.30526 -0.27625 -0.30771 -0.043772 -0.30771 -0.010772 -0.27569 -0.030183 -0.30771 -0.026714 -0.010085 -0.30853 -0.28991 -0.02907 0.87454 -0.051023 -0.30689 -0.0093949 -0.30607 -0.27736 -0.27791 -0.0093949 -0.30935 -0.040559 -0.010085 -0.30607 -0.0093949 -0.0093949 -0.035251 -0.010085 -0.31018 -0.28307 -0.0093949 -0.061685 -0.091277 -0.26118 -0.031258 -0.031258 -0.047518 0.050433 0.049069 -0.027916 -0.022563 -0.044544 -0.044544 -0.044544 -0.048946 0.047727 -0.023213
-0.91241 -0.25398 -0.25398 -0.88278 -0.88754 -0.66711 -0.66711 -0.66711 -0.91241 -0.66711 -0.91241 -0.91029 -0.66711 -0.90818 -0.66711 -0.23956 -0.66711 -0.24164 -0.90972 -0.9076 -0.66845 0.0013392 -0.66398 -0.66711 -0.91241 -0.90436 0.37261 -0.88754 -0.50673 -0.24579 -0.90436 -0.66576 -0.66711 0.10677 -0.66711 -0.66711 -0.66711 -0.66711 -0.6698 -0.6698 -0.25194 -0.67115 -0.23325 -0.07053 -0.8916 -0.25601 0.32825 1 -0.24579 -0.90222 -0.90222 -0.66845 -0.91029 -0.66576 -0.90222 -0.1062 -0.90222 -0.255 -0.66442 -0.073229 -0.90222 -0.064813 -0.25398 -0.90436 -0.60012 -0.07053 0.37833 -0.12379 -0.90972 -0.25296 -0.9076 -0.66398 -0.66533 -0.25296 -0.90167 -0.098404 -0.25398 -0.9076 -0.25296 -0.25296 -0.085525 -0.25398 -0.89899 -0.89899 -0.25296 -0.14966 0.56883 -0.65193 -0.020753 -0.020753 0.16795 -0.082446 -0.084329 -0.067729 -0.0156 -0.068823 -0.068823 -0.068823 0.16877 -0.086192 -0.017286
