1 -0.048831 -0.096471 -0.056105 -0.054673 -0.061062 -0.029323 -0.11812 -0.022358 -0.09588 -0.09588 -0.09588 -0.013092 -0.054673 1 -0.09588 -0.055569 1 -0.13216 -0.014077 -0.096471 -0.024178 -0.056105 -0.096471 -0.11788 -0.024178 -0.096471 -0.096274 -0.05539 -0.061238 -0.026441 -0.056105 1 -0.096471 -0.061062 1 -0.01936 1 -0.018637 -0.096471 -0.024178 -0.020402 1 -0.019713 1 1 1 -0.13216 -0.061062 -0.22411 -0.11788 -0.061238 -0.056105 -0.061062 -0.013593 -0.096471 1 -0.13216 -0.13109 -0.096471 -0.055211 -0.096471 1 -0.026713
-0.048831 1 -0.35983 -0.20927 -0.20393 -0.22776 -0.10937 0.41341 -0.083395 -0.35763 -0.35763 -0.35763 -0.048831 -0.20393 -0.048831 -0.35763 -0.20727 -0.048831 0.36949 -0.052506 -0.35983 -0.090182 -0.20927 -0.35983 0.41423 -0.090182 -0.35983 -0.3591 -0.2066 -0.22841 -0.098624 -0.20927 -0.048831 -0.35983 -0.22776 -0.048831 -0.072212 -0.048831 -0.069514 -0.35983 -0.090182 -0.076099 -0.048831 -0.073528 -0.048831 -0.048831 -0.048831 0.36949 -0.22776 0.21789 0.41423 -0.2218 -0.20927 -0.22776 -0.0507 -0.35983 -0.048831 0.36949 0.3725 -0.35983 -0.20594 -0.35983 -0.048831 -0.099639
-0.096471 -0.35983 1 0.58158 0.56673 0.63295 0.30396 -0.86636 0.23176 0.99387 0.99387 0.99387 -0.096471 0.56673 -0.096471 0.99387 0.57602 -0.096471 -0.97386 0.14592 1 -0.17816 0.58158 1 -0.86867 -0.17816 1 0.99795 0.57417 0.62993 -0.19484 0.58158 -0.096471 1 0.63295 -0.096471 0.20068 -0.096471 -0.13733 1 -0.17816 0.21148 -0.096471 -0.14526 -0.096471 -0.096471 -0.096471 -0.97386 0.63295 -0.54077 -0.86867 0.62993 0.58158 0.63295 -0.10016 1 -0.096471 -0.97386 -0.96599 1 0.57231 1 -0.096471 -0.19685
-0.056105 -0.20927 0.58158 1 0.97448 -0.26168 0.52264 -0.5062 -0.095818 0.56984 0.56984 0.56984 -0.056105 0.97448 -0.056105 0.56984 0.99045 -0.056105 -0.56637 0.2509 0.58158 -0.10362 1 0.58158 -0.5052 -0.10362 0.58158 0.58277 0.98726 -0.26244 -0.11332 1 -0.056105 0.58158 -0.26168 -0.056105 0.34507 -0.056105 -0.079869 0.58158 -0.10362 -0.087435 -0.056105 -0.084481 -0.056105 -0.056105 -0.056105 -0.56637 -0.26168 -0.96045 -0.5052 -0.26244 1 -0.26168 -0.058253 0.58158 -0.056105 -0.56637 -0.5618 0.58158 0.98407 0.58158 -0.056105 -0.11448
-0.054673 -0.20393 0.56673 0.97448 1 -0.25501 0.50445 -0.49329 -0.093372 0.57023 0.57023 0.57023 -0.054673 1 -0.054673 0.57023 0.98388 -0.054673 -0.55192 0.25747 0.56673 -0.10097 0.97448 0.56673 -0.4923 -0.10097 0.56673 0.5679 0.96099 -0.25574 -0.11042 0.97448 -0.054673 0.56673 -0.25501 -0.054673 0.3075 -0.054673 -0.077831 0.56673 -0.10097 -0.085203 -0.054673 -0.082325 -0.054673 -0.054673 -0.054673 -0.55192 -0.25501 -0.93594 -0.4923 -0.25574 0.97448 -0.25501 -0.056766 0.56673 -0.054673 -0.55192 -0.54746 0.56673 0.99026 0.56673 -0.054673 -0.11156
-0.061062 -0.22776 0.63295 -0.26168 -0.25501 1 -0.13677 -0.54613 0.36616 0.63686 0.63686 0.63686 -0.061062 -0.25501 -0.061062 0.63686 -0.25919 -0.061062 -0.61641 -0.065657 0.63295 -0.11277 -0.26168 0.63295 -0.54983 -0.11277 0.63295 0.62939 -0.25835 0.99713 -0.12333 -0.26168 -0.061062 0.63295 1 -0.061062 -0.090299 -0.061062 -0.086925 0.63295 -0.11277 0.33412 -0.061062 -0.091944 -0.061062 -0.061062 -0.061062 -0.61641 1 0.27246 -0.54983 0.99713 -0.26168 1 -0.063399 0.63295 -0.061062 -0.61641 -0.61143 0.63295 -0.25752 0.63295 -0.061062 -0.12459
-0.029323 -0.10937 0.30396 0.52264 0.50445 -0.13677 1 -0.26456 -0.050078 0.28064 0.28064 0.28064 -0.029323 0.50445 -0.029323 0.28064 0.49613 -0.029323 -0.29601 0.48006 0.30396 -0.054154 0.52264 0.30396 -0.26404 -0.054154 0.30396 0.30458 0.48723 -0.13716 -0.059223 0.52264 -0.029323 0.30396 -0.13677 -0.029323 0.66024 -0.029323 -0.041743 0.30396 -0.054154 -0.045697 -0.029323 -0.044153 -0.029323 -0.029323 -0.029323 -0.29601 -0.13677 -0.50197 -0.26404 -0.13716 0.52264 -0.13677 -0.030445 0.30396 -0.029323 -0.29601 -0.29362 0.30396 0.5311 0.30396 -0.029323 -0.059833
-0.11812 0.41341 -0.86636 -0.5062 -0.49329 -0.54613 -0.26456 1 -0.20172 -0.86103 -0.86103 -0.86103 -0.11812 -0.49329 -0.11812 -0.86103 -0.50137 -0.11812 0.88975 -0.12701 -0.86636 -0.21814 -0.5062 -0.86636 0.99801 -0.21814 -0.86636 -0.86458 -0.49975 -0.54295 -0.23856 -0.5062 -0.11812 -0.86636 -0.54613 -0.11812 -0.17467 -0.11812 0.15778 -0.86636 -0.21814 -0.18408 -0.11812 0.16689 -0.11812 -0.11812 -0.11812 0.88975 -0.54613 0.52705 0.99801 -0.54295 -0.5062 -0.54613 0.11508 -0.86636 -0.11812 0.88975 0.88097 -0.86636 -0.49814 -0.86636 -0.11812 -0.23203
-0.022358 -0.083395 0.23176 -0.095818 -0.093372 0.36616 -0.050078 -0.20172 1 0.23319 0.23319 0.23319 -0.022358 -0.093372 -0.022358 0.23319 -0.094902 -0.022358 -0.2257 -0.024041 0.23176 -0.041291 -0.095818 0.23176 -0.20132 -0.041291 0.23176 0.22152 -0.094597 0.36511 -0.045157 -0.095818 -0.022358 0.23176 0.36616 -0.022358 -0.033063 -0.022358 -0.031828 0.23176 -0.041291 -0.034843 -0.022358 -0.033666 -0.022358 -0.022358 -0.022358 -0.2257 0.36616 0.099763 -0.20132 0.36511 -0.095818 0.36616 -0.023214 0.23176 -0.022358 -0.2257 -0.22388 0.23176 -0.094291 0.23176 -0.022358 -0.045621
-0.09588 -0.35763 0.99387 0.56984 0.57023 0.63686 0.28064 -0.86103 0.23319 1 1 1 -0.09588 0.57023 -0.09588 1 0.57957 -0.09588 -0.96789 0.14682 0.99387 -0.17707 0.56984 0.99387 -0.86335 -0.17707 0.99387 0.99181 0.56226 0.63384 -0.19365 0.56984 -0.09588 0.99387 0.63686 -0.09588 0.16509 -0.09588 -0.13649 0.99387 -0.17707 0.21279 -0.09588 -0.14437 -0.09588 -0.09588 -0.09588 -0.96789 0.63686 -0.52948 -0.86335 0.63384 0.56984 0.63686 -0.099549 0.99387 -0.09588 -0.96789 -0.96007 0.99387 0.56036 0.99387 -0.09588 -0.19564
-0.09588 -0.35763 0.99387 0.56984 0.57023 0.63686 0.28064 -0.86103 0.23319 1 1 1 -0.09588 0.57023 -0.09588 1 0.57957 -0.09588 -0.96789 0.14682 0.99387 -0.17707 0.56984 0.99387 -0.86335 -0.17707 0.99387 0.99181 0.56226 0.63384 -0.19365 0.56984 -0.09588 0.99387 0.63686 -0.09588 0.16509 -0.09588 -0.13649 0.99387 -0.17707 0.21279 -0.09588 -0.14437 -0.09588 -0.09588 -0.09588 -0.96789 0.63686 -0.52948 -0.86335 0.63384 0.56984 0.63686 -0.099549 0.99387 -0.09588 -0.96789 -0.96007 0.99387 0.56036 0.99387 -0.09588 -0.19564
-0.09588 -0.35763 0.99387 0.56984 0.57023 0.63686 0.28064 -0.86103 0.23319 1 1 1 -0.09588 0.57023 -0.09588 1 0.57957 -0.09588 -0.96789 0.14682 0.99387 -0.17707 0.56984 0.99387 -0.86335 -0.17707 0.99387 0.99181 0.56226 0.63384 -0.19365 0.56984 -0.09588 0.99387 0.63686 -0.09588 0.16509 -0.09588 -0.13649 0.99387 -0.17707 0.21279 -0.09588 -0.14437 -0.09588 -0.09588 -0.09588 -0.96789 0.63686 -0.52948 -0.86335 0.63384 0.56984 0.63686 -0.099549 0.99387 -0.09588 -0.96789 -0.96007 0.99387 0.56036 0.99387 -0.09588 -0.19564
-0.013092 -0.048831 -0.096471 -0.056105 -0.054673 -0.061062 -0.029323 -0.11812 -0.022358 -0.09588 -0.09588 -0.09588 1 -0.054673 -0.013092 -0.09588 -0.055569 -0.013092 0.099061 -0.014077 -0.096471 0.54147 -0.056105 -0.096471 -0.11788 0.54147 -0.096471 -0.096274 -0.05539 -0.061238 0.49512 -0.056105 -0.013092 -0.096471 -0.061062 -0.013092 -0.01936 -0.013092 -0.018637 -0.096471 0.54147 -0.020402 -0.013092 -0.019713 -0.013092 -0.013092 -0.013092 0.099061 -0.061062 0.058415 -0.11788 -0.061238 -0.056105 -0.061062 -0.013593 -0.096471 -0.013092 0.099061 0.099867 -0.096471 -0.055211 -0.096471 -0.013092 0.49008
-0.054673 -0.20393 0.56673 0.97448 1 -0.25501 0.50445 -0.49329 -0.093372 0.57023 0.57023 0.57023 -0.054673 1 -0.054673 0.57023 0.98388 -0.054673 -0.55192 0.25747 0.56673 -0.10097 0.97448 0.56673 -0.4923 -0.10097 0.56673 0.5679 0.96099 -0.25574 -0.11042 0.97448 -0.054673 0.56673 -0.25501 -0.054673 0.3075 -0.054673 -0.077831 0.56673 -0.10097 -0.085203 -0.054673 -0.082325 -0.054673 -0.054673 -0.054673 -0.55192 -0.25501 -0.93594 -0.4923 -0.25574 0.97448 -0.25501 -0.056766 0.56673 -0.054673 -0.55192 -0.54746 0.56673 0.99026 0.56673 -0.054673 -0.11156
1 -0.048831 -0.096471 -0.056105 -0.054673 -0.061062 -0.029323 -0.11812 -0.022358 -0.09588 -0.09588 -0.09588 -0.013092 -0.054673 1 -0.09588 -0.055569 1 -0.13216 -0.014077 -0.096471 -0.024178 -0.056105 -0.096471 -0.11788 -0.024178 -0.096471 -0.096274 -0.05539 -0.061238 -0.026441 -0.056105 1 -0.096471 -0.061062 1 -0.01936 1 -0.018637 -0.096471 -0.024178 -0.020402 1 -0.019713 1 1 1 -0.13216 -0.061062 -0.22411 -0.11788 -0.061238 -0.056105 -0.061062 -0.013593 -0.096471 1 -0.13216 -0.13109 -0.096471 -0.055211 -0.096471 1 -0.026713
-0.09588 -0.35763 0.99387 0.56984 0.57023 0.63686 0.28064 -0.86103 0.23319 1 1 1 -0.09588 0.57023 -0.09588 1 0.57957 -0.09588 -0.96789 0.14682 0.99387 -0.17707 0.56984 0.99387 -0.86335 -0.17707 0.99387 0.99181 0.56226 0.63384 -0.19365 0.56984 -0.09588 0.99387 0.63686 -0.09588 0.16509 -0.09588 -0.13649 0.99387 -0.17707 0.21279 -0.09588 -0.14437 -0.09588 -0.09588 -0.09588 -0.96789 0.63686 -0.52948 -0.86335 0.63384 0.56984 0.63686 -0.099549 0.99387 -0.09588 -0.96789 -0.96007 0.99387 0.56036 0.99387 -0.09588 -0.19564
-0.055569 -0.20727 0.57602 0.99045 0.98388 -0.25919 0.49613 -0.50137 -0.094902 0.57957 0.57957 0.57957 -0.055569 0.98388 -0.055569 0.57957 1 -0.055569 -0.56096 0.25332 0.57602 -0.10263 0.99045 0.57602 -0.50037 -0.10263 0.57602 0.5772 0.97743 -0.25993 -0.11223 0.99045 -0.055569 0.57602 -0.25919 -0.055569 0.30226 -0.055569 -0.079106 0.57602 -0.10263 -0.0866 -0.055569 -0.083674 -0.055569 -0.055569 -0.055569 -0.56096 -0.25919 -0.95128 -0.50037 -0.25993 0.99045 -0.25919 -0.057696 0.57602 -0.055569 -0.56096 -0.55643 0.57602 0.97417 0.57602 -0.055569 -0.11339
1 -0.048831 -0.096471 -0.056105 -0.054673 -0.061062 -0.029323 -0.11812 -0.022358 -0.09588 -0.09588 -0.09588 -0.013092 -0.054673 1 -0.09588 -0.055569 1 -0.13216 -0.014077 -0.096471 -0.024178 -0.056105 -0.096471 -0.11788 -0.024178 -0.096471 -0.096274 -0.05539 -0.061238 -0.026441 -0.056105 1 -0.096471 -0.061062 1 -0.01936 1 -0.018637 -0.096471 -0.024178 -0.020402 1 -0.019713 1 1 1 -0.13216 -0.061062 -0.22411 -0.11788 -0.061238 -0.056105 -0.061062 -0.013593 -0.096471 1 -0.13216 -0.13109 -0.096471 -0.055211 -0.096471 1 -0.026713
-0.13216 0.36949 -0.97386 -0.56637 -0.55192 -0.61641 -0.29601 0.88975 -0.2257 -0.96789 -0.96789 -0.96789 0.099061 -0.55192 -0.13216 -0.96789 -0.56096 -0.13216 1 -0.1421 -0.97386 0.18295 -0.56637 -0.97386 0.89199 0.18295 -0.97386 -0.97186 -0.55916 -0.61335 0.20007 -0.56637 -0.13216 -0.97386 -0.61641 -0.13216 -0.19544 -0.13216 0.14102 -0.97386 0.18295 -0.20596 -0.13216 0.14916 -0.13216 -0.13216 -0.13216 1 -0.61641 0.58969 0.89199 -0.61335 -0.56637 -0.61641 0.10285 -0.97386 -0.13216 1 0.99192 -0.97386 -0.55735 -0.97386 -0.13216 0.20213
-0.014077 -0.052506 0.14592 0.2509 0.25747 -0.065657 0.48006 -0.12701 -0.024041 0.14682 0.14682 0.14682 -0.014077 0.25747 -0.014077 0.14682 0.25332 -0.014077 -0.1421 1 0.14592 -0.025997 0.2509 0.14592 -0.12675 -0.025997 0.14592 0.14622 0.25414 -0.065846 -0.028431 0.2509 -0.014077 0.14592 -0.065657 -0.014077 -0.020817 -0.014077 -0.020039 0.14592 -0.025997 -0.021938 -0.014077 -0.021196 -0.014077 -0.014077 -0.014077 -0.1421 -0.065657 -0.24098 -0.12675 -0.065846 0.2509 -0.065657 -0.014616 0.14592 -0.014077 -0.1421 -0.14096 0.14592 0.25496 0.14592 -0.014077 -0.028723
-0.096471 -0.35983 1 0.58158 0.56673 0.63295 0.30396 -0.86636 0.23176 0.99387 0.99387 0.99387 -0.096471 0.56673 -0.096471 0.99387 0.57602 -0.096471 -0.97386 0.14592 1 -0.17816 0.58158 1 -0.86867 -0.17816 1 0.99795 0.57417 0.62993 -0.19484 0.58158 -0.096471 1 0.63295 -0.096471 0.20068 -0.096471 -0.13733 1 -0.17816 0.21148 -0.096471 -0.14526 -0.096471 -0.096471 -0.096471 -0.97386 0.63295 -0.54077 -0.86867 0.62993 0.58158 0.63295 -0.10016 1 -0.096471 -0.97386 -0.96599 1 0.57231 1 -0.096471 -0.19685
-0.024178 -0.090182 -0.17816 -0.10362 -0.10097 -0.11277 -0.054154 -0.21814 -0.041291 -0.17707 -0.17707 -0.17707 0.54147 -0.10097 -0.024178 -0.17707 -0.10263 -0.024178 0.18295 -0.025997 -0.17816 1 -0.10362 -0.17816 -0.21771 1 -0.17816 -0.1778 -0.1023 -0.11309 0.9144 -0.10362 -0.024178 -0.17816 -0.11277 -0.024178 -0.035754 -0.024178 -0.034419 -0.17816 1 -0.037679 -0.024178 -0.036406 -0.024178 -0.024178 -0.024178 0.18295 -0.11277 0.10788 -0.21771 -0.11309 -0.10362 -0.11277 -0.025103 -0.17816 -0.024178 0.18295 0.18444 -0.17816 -0.10197 -0.17816 -0.024178 0.90509
-0.056105 -0.20927 0.58158 1 0.97448 -0.26168 0.52264 -0.5062 -0.095818 0.56984 0.56984 0.56984 -0.056105 0.97448 -0.056105 0.56984 0.99045 -0.056105 -0.56637 0.2509 0.58158 -0.10362 1 0.58158 -0.5052 -0.10362 0.58158 0.58277 0.98726 -0.26244 -0.11332 1 -0.056105 0.58158 -0.26168 -0.056105 0.34507 -0.056105 -0.079869 0.58158 -0.10362 -0.087435 -0.056105 -0.084481 -0.056105 -0.056105 -0.056105 -0.56637 -0.26168 -0.96045 -0.5052 -0.26244 1 -0.26168 -0.058253 0.58158 -0.056105 -0.56637 -0.5618 0.58158 0.98407 0.58158 -0.056105 -0.11448
-0.096471 -0.35983 1 0.58158 0.56673 0.63295 0.30396 -0.86636 0.23176 0.99387 0.99387 0.99387 -0.096471 0.56673 -0.096471 0.99387 0.57602 -0.096471 -0.97386 0.14592 1 -0.17816 0.58158 1 -0.86867 -0.17816 1 0.99795 0.57417 0.62993 -0.19484 0.58158 -0.096471 1 0.63295 -0.096471 0.20068 -0.096471 -0.13733 1 -0.17816 0.21148 -0.096471 -0.14526 -0.096471 -0.096471 -0.096471 -0.97386 0.63295 -0.54077 -0.86867 0.62993 0.58158 0.63295 -0.10016 1 -0.096471 -0.97386 -0.96599 1 0.57231 1 -0.096471 -0.19685
-0.11788 0.41423 -0.86867 -0.5052 -0.4923 -0.54983 -0.26404 0.99801 -0.20132 -0.86335 -0.86335 -0.86335 -0.11788 -0.4923 -0.11788 -0.86335 -0.50037 -0.11788 0.89199 -0.12675 -0.86867 -0.21771 -0.5052 -0.86867 1 -0.21771 -0.86867 -0.86689 -0.49876 -0.54663 -0.23809 -0.5052 -0.11788 -0.86867 -0.54983 -0.11788 -0.17433 -0.11788 0.1581 -0.86867 -0.21771 -0.18371 -0.11788 0.16722 -0.11788 -0.11788 -0.11788 0.89199 -0.54983 0.526 1 -0.54663 -0.5052 -0.54983 0.11531 -0.86867 -0.11788 0.89199 0.88319 -0.86867 -0.49715 -0.86867 -0.11788 -0.23155
-0.024178 -0.090182 -0.17816 -0.10362 -0.10097 -0.11277 -0.054154 -0.21814 -0.041291 -0.17707 -0.17707 -0.17707 0.54147 -0.10097 -0.024178 -0.17707 -0.10263 -0.024178 0.18295 -0.025997 -0.17816 1 -0.10362 -0.17816 -0.21771 1 -0.17816 -0.1778 -0.1023 -0.11309 0.9144 -0.10362 -0.024178 -0.17816 -0.11277 -0.024178 -0.035754 -0.024178 -0.034419 -0.17816 1 -0.037679 -0.024178 -0.036406 -0.024178 -0.024178 -0.024178 0.18295 -0.11277 0.10788 -0.21771 -0.11309 -0.10362 -0.11277 -0.025103 -0.17816 -0.024178 0.18295 0.18444 -0.17816 -0.10197 -0.17816 -0.024178 0.90509
-0.096471 -0.35983 1 0.58158 0.56673 0.63295 0.30396 -0.86636 0.23176 0.99387 0.99387 0.99387 -0.096471 0.56673 -0.096471 0.99387 0.57602 -0.096471 -0.97386 0.14592 1 -0.17816 0.58158 1 -0.86867 -0.17816 1 0.99795 0.57417 0.62993 -0.19484 0.58158 -0.096471 1 0.63295 -0.096471 0.20068 -0.096471 -0.13733 1 -0.17816 0.21148 -0.096471 -0.14526 -0.096471 -0.096471 -0.096471 -0.97386 0.63295 -0.54077 -0.86867 0.62993 0.58158 0.63295 -0.10016 1 -0.096471 -0.97386 -0.96599 1 0.57231 1 -0.096471 -0.19685
-0.096274 -0.3591 0.99795 0.58277 0.5679 0.62939 0.30458 -0.86458 0.22152 0.99181 0.99181 0.99181 -0.096274 0.5679 -0.096274 0.99181 0.5772 -0.096274 -0.97186 0.14622 0.99795 -0.1778 0.58277 0.99795 -0.86689 -0.1778 0.99795 1 0.57534 0.62638 -0.19444 0.58277 -0.096274 0.99795 0.62939 -0.096274 0.20109 -0.096274 -0.13705 0.99795 -0.1778 0.21192 -0.096274 -0.14496 -0.096274 -0.096274 -0.096274 -0.97186 0.62939 -0.54199 -0.86689 0.62638 0.58277 0.62939 -0.099958 0.99795 -0.096274 -0.97186 -0.96402 0.99795 0.57348 0.99795 -0.096274 -0.19644
-0.05539 -0.2066 0.57417 0.98726 0.96099 -0.25835 0.48723 -0.49975 -0.094597 0.56226 0.56226 0.56226 -0.05539 0.96099 -0.05539 0.56226 0.97743 -0.05539 -0.55916 0.25414 0.57417 -0.1023 0.98726 0.57417 -0.49876 -0.1023 0.57417 0.57534 1 -0.25909 -0.11187 0.98726 -0.05539 0.57417 -0.25835 -0.05539 0.34952 -0.05539 -0.078852 0.57417 -0.1023 -0.086321 -0.05539 -0.083405 -0.05539 -0.05539 -0.05539 -0.55916 -0.25835 -0.94822 -0.49876 -0.25909 0.98726 -0.25835 -0.05751 0.57417 -0.05539 -0.55916 -0.55464 0.57417 0.97087 0.57417 -0.05539 -0.11302
-0.061238 -0.22841 0.62993 -0.26244 -0.25574 0.99713 -0.13716 -0.54295 0.36511 0.63384 0.63384 0.63384 -0.061238 -0.25574 -0.061238 0.63384 -0.25993 -0.061238 -0.61335 -0.065846 0.62993 -0.11309 -0.26244 0.62993 -0.54663 -0.11309 0.62993 0.62638 -0.25909 1 -0.12368 -0.26244 -0.061238 0.62993 0.99713 -0.061238 -0.090559 -0.061238 -0.087175 0.62993 -0.11309 0.33316 -0.061238 -0.077929 -0.061238 -0.061238 -0.061238 -0.61335 0.99713 0.27324 -0.54663 0.99426 -0.26244 0.99713 -0.063581 0.62993 -0.061238 -0.61335 -0.60837 0.62993 -0.25826 0.62993 -0.061238 -0.12495
-0.026441 -0.098624 -0.19484 -0.11332 -0.11042 -0.12333 -0.059223 -0.23856 -0.045157 -0.19365 -0.19365 -0.19365 0.49512 -0.11042 -0.026441 -0.19365 -0.11223 -0.026441 0.20007 -0.028431 -0.19484 0.9144 -0.11332 -0.19484 -0.23809 0.9144 -0.19484 -0.19444 -0.11187 -0.12368 1 -0.11332 -0.026441 -0.19484 -0.12333 -0.026441 -0.039101 -0.026441 -0.037641 -0.19484 0.9144 -0.041206 -0.026441 -0.039814 -0.026441 -0.026441 -0.026441 0.20007 -0.12333 0.11798 -0.23809 -0.12368 -0.11332 -0.12333 -0.027453 -0.19484 -0.026441 0.20007 0.2017 -0.19484 -0.11151 -0.19484 -0.026441 0.98982
-0.056105 -0.20927 0.58158 1 0.97448 -0.26168 0.52264 -0.5062 -0.095818 0.56984 0.56984 0.56984 -0.056105 0.97448 -0.056105 0.56984 0.99045 -0.056105 -0.56637 0.2509 0.58158 -0.10362 1 0.58158 -0.5052 -0.10362 0.58158 0.58277 0.98726 -0.26244 -0.11332 1 -0.056105 0.58158 -0.26168 -0.056105 0.34507 -0.056105 -0.079869 0.58158 -0.10362 -0.087435 -0.056105 -0.084481 -0.056105 -0.056105 -0.056105 -0.56637 -0.26168 -0.96045 -0.5052 -0.26244 1 -0.26168 -0.058253 0.58158 -0.056105 -0.56637 -0.5618 0.58158 0.98407 0.58158 -0.056105 -0.11448
1 -0.048831 -0.096471 -0.056105 -0.054673 -0.061062 -0.029323 -0.11812 -0.022358 -0.09588 -0.09588 -0.09588 -0.013092 -0.054673 1 -0.09588 -0.055569 1 -0.13216 -0.014077 -0.096471 -0.024178 -0.056105 -0.096471 -0.11788 -0.024178 -0.096471 -0.096274 -0.05539 -0.061238 -0.026441 -0.056105 1 -0.096471 -0.061062 1 -0.01936 1 -0.018637 -0.096471 -0.024178 -0.020402 1 -0.019713 1 1 1 -0.13216 -0.061062 -0.22411 -0.11788 -0.061238 -0.056105 -0.061062 -0.013593 -0.096471 1 -0.13216 -0.13109 -0.096471 -0.055211 -0.096471 1 -0.026713
-0.096471 -0.35983 1 0.58158 0.56673 0.63295 0.30396 -0.86636 0.23176 0.99387 0.99387 0.99387 -0.096471 0.56673 -0.096471 0.99387 0.57602 -0.096471 -0.97386 0.14592 1 -0.17816 0.58158 1 -0.86867 -0.17816 1 0.99795 0.57417 0.62993 -0.19484 0.58158 -0.096471 1 0.63295 -0.096471 0.20068 -0.096471 -0.13733 1 -0.17816 0.21148 -0.096471 -0.14526 -0.096471 -0.096471 -0.096471 -0.97386 0.63295 -0.54077 -0.86867 0.62993 0.58158 0.63295 -0.10016 1 -0.096471 -0.97386 -0.96599 1 0.57231 1 -0.096471 -0.19685
-0.061062 -0.22776 0.63295 -0.26168 -0.25501 1 -0.13677 -0.54613 0.36616 0.63686 0.63686 0.63686 -0.061062 -0.25501 -0.061062 0.63686 -0.25919 -0.061062 -0.61641 -0.065657 0.63295 -0.11277 -0.26168 0.63295 -0.54983 -0.11277 0.63295 0.62939 -0.25835 0.99713 -0.12333 -0.26168 -0.061062 0.63295 1 -0.061062 -0.090299 -0.061062 -0.086925 0.63295 -0.11277 0.33412 -0.061062 -0.091944 -0.061062 -0.061062 -0.061062 -0.61641 1 0.27246 -0.54983 0.99713 -0.26168 1 -0.063399 0.63295 -0.061062 -0.61641 -0.61143 0.63295 -0.25752 0.63295 -0.061062 -0.12459
1 -0.048831 -0.096471 -0.056105 -0.054673 -0.061062 -0.029323 -0.11812 -0.022358 -0.09588 -0.09588 -0.09588 -0.013092 -0.054673 1 -0.09588 -0.055569 1 -0.13216 -0.014077 -0.096471 -0.024178 -0.056105 -0.096471 -0.11788 -0.024178 -0.096471 -0.096274 -0.05539 -0.061238 -0.026441 -0.056105 1 -0.096471 -0.061062 1 -0.01936 1 -0.018637 -0.096471 -0.024178 -0.020402 1 -0.019713 1 1 1 -0.13216 -0.061062 -0.22411 -0.11788 -0.061238 -0.056105 -0.061062 -0.013593 -0.096471 1 -0.13216 -0.13109 -0.096471 -0.055211 -0.096471 1 -0.026713
-0.01936 -0.072212 0.20068 0.34507 0.3075 -0.090299 0.66024 -0.17467 -0.033063 0.16509 0.16509 0.16509 -0.01936 0.3075 -0.01936 0.16509 0.30226 -0.01936 -0.19544 -0.020817 0.20068 -0.035754 0.34507 0.20068 -0.17433 -0.035754 0.20068 0.20109 0.34952 -0.090559 -0.039101 0.34507 -0.01936 0.20068 -0.090299 -0.01936 1 -0.01936 -0.02756 0.20068 -0.035754 -0.030171 -0.01936 -0.029152 -0.01936 -0.01936 -0.01936 -0.19544 -0.090299 -0.33142 -0.17433 -0.090559 0.34507 -0.090299 -0.020101 0.20068 -0.01936 -0.19544 -0.19386 0.20068 0.35065 0.20068 -0.01936 -0.039504
1 -0.048831 -0.096471 -0.056105 -0.054673 -0.061062 -0.029323 -0.11812 -0.022358 -0.09588 -0.09588 -0.09588 -0.013092 -0.054673 1 -0.09588 -0.055569 1 -0.13216 -0.014077 -0.096471 -0.024178 -0.056105 -0.096471 -0.11788 -0.024178 -0.096471 -0.096274 -0.05539 -0.061238 -0.026441 -0.056105 1 -0.096471 -0.061062 1 -0.01936 1 -0.018637 -0.096471 -0.024178 -0.020402 1 -0.019713 1 1 1 -0.13216 -0.061062 -0.22411 -0.11788 -0.061238 -0.056105 -0.061062 -0.013593 -0.096471 1 -0.13216 -0.13109 -0.096471 -0.055211 -0.096471 1 -0.026713
-0.018637 -0.069514 -0.13733 -0.079869 -0.077831 -0.086925 -0.041743 0.15778 -0.031828 -0.13649 -0.13649 -0.13649 -0.018637 -0.077831 -0.018637 -0.13649 -0.079106 -0.018637 0.14102 -0.020039 -0.13733 -0.034419 -0.079869 -0.13733 0.1581 -0.034419 -0.13733 -0.13705 -0.078852 -0.087175 -0.037641 -0.079869 -0.018637 -0.13733 -0.086925 -0.018637 -0.02756 -0.018637 1 -0.13733 -0.034419 -0.029044 -0.018637 -0.028062 -0.018637 -0.018637 -0.018637 0.14102 -0.086925 0.083158 0.1581 -0.087175 -0.079869 -0.086925 -0.01935 -0.13733 -0.018637 0.14102 0.14217 -0.13733 -0.078597 -0.13733 -0.018637 -0.038028
-0.096471 -0.35983 1 0.58158 0.56673 0.63295 0.30396 -0.86636 0.23176 0.99387 0.99387 0.99387 -0.096471 0.56673 -0.096471 0.99387 0.57602 -0.096471 -0.97386 0.14592 1 -0.17816 0.58158 1 -0.86867 -0.17816 1 0.99795 0.57417 0.62993 -0.19484 0.58158 -0.096471 1 0.63295 -0.096471 0.20068 -0.096471 -0.13733 1 -0.17816 0.21148 -0.096471 -0.14526 -0.096471 -0.096471 -0.096471 -0.97386 0.63295 -0.54077 -0.86867 0.62993 0.58158 0.63295 -0.10016 1 -0.096471 -0.97386 -0.96599 1 0.57231 1 -0.096471 -0.19685
-0.024178 -0.090182 -0.17816 -0.10362 -0.10097 -0.11277 -0.054154 -0.21814 -0.041291 -0.17707 -0.17707 -0.17707 0.54147 -0.10097 -0.024178 -0.17707 -0.10263 -0.024178 0.18295 -0.025997 -0.17816 1 -0.10362 -0.17816 -0.21771 1 -0.17816 -0.1778 -0.1023 -0.11309 0.9144 -0.10362 -0.024178 -0.17816 -0.11277 -0.024178 -0.035754 -0.024178 -0.034419 -0.17816 1 -0.037679 -0.024178 -0.036406 -0.024178 -0.024178 -0.024178 0.18295 -0.11277 0.10788 -0.21771 -0.11309 -0.10362 -0.11277 -0.025103 -0.17816 -0.024178 0.18295 0.18444 -0.17816 -0.10197 -0.17816 -0.024178 0.90509
-0.020402 -0.076099 0.21148 -0.087435 -0.085203 0.33412 -0.045697 -0.18408 -0.034843 0.21279 0.21279 0.21279 -0.020402 -0.085203 -0.020402 0.21279 -0.0866 -0.020402 -0.20596 -0.021938 0.21148 -0.037679 -0.087435 0.21148 -0.18371 -0.037679 0.21148 0.21192 -0.086321 0.33316 -0.041206 -0.087435 -0.020402 0.21148 0.33412 -0.020402 -0.030171 -0.020402 -0.029044 0.21148 -0.037679 1 -0.020402 -0.030721 -0.020402 -0.020402 -0.020402 -0.20596 0.33412 0.091035 -0.18371 0.33316 -0.087435 0.33412 -0.021183 0.21148 -0.020402 -0.20596 -0.20429 0.21148 -0.086042 0.21148 -0.020402 -0.04163
1 -0.048831 -0.096471 -0.056105 -0.054673 -0.061062 -0.029323 -0.11812 -0.022358 -0.09588 -0.09588 -0.09588 -0.013092 -0.054673 1 -0.09588 -0.055569 1 -0.13216 -0.014077 -0.096471 -0.024178 -0.056105 -0.096471 -0.11788 -0.024178 -0.096471 -0.096274 -0.05539 -0.061238 -0.026441 -0.056105 1 -0.096471 -0.061062 1 -0.01936 1 -0.018637 -0.096471 -0.024178 -0.020402 1 -0.019713 1 1 1 -0.13216 -0.061062 -0.22411 -0.11788 -0.061238 -0.056105 -0.061062 -0.013593 -0.096471 1 -0.13216 -0.13109 -0.096471 -0.055211 -0.096471 1 -0.026713
-0.019713 -0.073528 -0.14526 -0.084481 -0.082325 -0.091944 -0.044153 0.16689 -0.033666 -0.14437 -0.14437 -0.14437 -0.019713 -0.082325 -0.019713 -0.14437 -0.083674 -0.019713 0.14916 -0.021196 -0.14526 -0.036406 -0.084481 -0.14526 0.16722 -0.036406 -0.14526 -0.14496 -0.083405 -0.077929 -0.039814 -0.084481 -0.019713 -0.14526 -0.091944 -0.019713 -0.029152 -0.019713 -0.028062 -0.14526 -0.036406 -0.030721 -0.019713 1 -0.019713 -0.019713 -0.019713 0.14916 -0.091944 0.087959 0.16722 -0.092209 -0.084481 -0.091944 -0.020467 -0.14526 -0.019713 0.14916 0.15038 -0.14526 -0.083135 -0.14526 -0.019713 -0.040223
1 -0.048831 -0.096471 -0.056105 -0.054673 -0.061062 -0.029323 -0.11812 -0.022358 -0.09588 -0.09588 -0.09588 -0.013092 -0.054673 1 -0.09588 -0.055569 1 -0.13216 -0.014077 -0.096471 -0.024178 -0.056105 -0.096471 -0.11788 -0.024178 -0.096471 -0.096274 -0.05539 -0.061238 -0.026441 -0.056105 1 -0.096471 -0.061062 1 -0.01936 1 -0.018637 -0.096471 -0.024178 -0.020402 1 -0.019713 1 1 1 -0.13216 -0.061062 -0.22411 -0.11788 -0.061238 -0.056105 -0.061062 -0.013593 -0.096471 1 -0.13216 -0.13109 -0.096471 -0.055211 -0.096471 1 -0.026713
1 -0.048831 -0.096471 -0.056105 -0.054673 -0.061062 -0.029323 -0.11812 -0.022358 -0.09588 -0.09588 -0.09588 -0.013092 -0.054673 1 -0.09588 -0.055569 1 -0.13216 -0.014077 -0.096471 -0.024178 -0.056105 -0.096471 -0.11788 -0.024178 -0.096471 -0.096274 -0.05539 -0.061238 -0.026441 -0.056105 1 -0.096471 -0.061062 1 -0.01936 1 -0.018637 -0.096471 -0.024178 -0.020402 1 -0.019713 1 1 1 -0.13216 -0.061062 -0.22411 -0.11788 -0.061238 -0.056105 -0.061062 -0.013593 -0.096471 1 -0.13216 -0.13109 -0.096471 -0.055211 -0.096471 1 -0.026713
1 -0.048831 -0.096471 -0.056105 -0.054673 -0.061062 -0.029323 -0.11812 -0.022358 -0.09588 -0.09588 -0.09588 -0.013092 -0.054673 1 -0.09588 -0.055569 1 -0.13216 -0.014077 -0.096471 -0.024178 -0.056105 -0.096471 -0.11788 -0.024178 -0.096471 -0.096274 -0.05539 -0.061238 -0.026441 -0.056105 1 -0.096471 -0.061062 1 -0.01936 1 -0.018637 -0.096471 -0.024178 -0.020402 1 -0.019713 1 1 1 -0.13216 -0.061062 -0.22411 -0.11788 -0.061238 -0.056105 -0.061062 -0.013593 -0.096471 1 -0.13216 -0.13109 -0.096471 -0.055211 -0.096471 1 -0.026713
-0.13216 0.36949 -0.97386 -0.56637 -0.55192 -0.61641 -0.29601 0.88975 -0.2257 -0.96789 -0.96789 -0.96789 0.099061 -0.55192 -0.13216 -0.96789 -0.56096 -0.13216 1 -0.1421 -0.97386 0.18295 -0.56637 -0.97386 0.89199 0.18295 -0.97386 -0.97186 -0.55916 -0.61335 0.20007 -0.56637 -0.13216 -0.97386 -0.61641 -0.13216 -0.19544 -0.13216 0.14102 -0.97386 0.18295 -0.20596 -0.13216 0.14916 -0.13216 -0.13216 -0.13216 1 -0.61641 0.58969 0.89199 -0.61335 -0.56637 -0.61641 0.10285 -0.97386 -0.13216 1 0.99192 -0.97386 -0.55735 -0.97386 -0.13216 0.20213
-0.061062 -0.22776 0.63295 -0.26168 -0.25501 1 -0.13677 -0.54613 0.36616 0.63686 0.63686 0.63686 -0.061062 -0.25501 -0.061062 0.63686 -0.25919 -0.061062 -0.61641 -0.065657 0.63295 -0.11277 -0.26168 0.63295 -0.54983 -0.11277 0.63295 0.62939 -0.25835 0.99713 -0.12333 -0.26168 -0.061062 0.63295 1 -0.061062 -0.090299 -0.061062 -0.086925 0.63295 -0.11277 0.33412 -0.061062 -0.091944 -0.061062 -0.061062 -0.061062 -0.61641 1 0.27246 -0.54983 0.99713 -0.26168 1 -0.063399 0.63295 -0.061062 -0.61641 -0.61143 0.63295 -0.25752 0.63295 -0.061062 -0.12459
-0.22411 0.21789 -0.54077 -0.96045 -0.93594 0.27246 -0.50197 0.52705 0.099763 -0.52948 -0.52948 -0.52948 0.058415 -0.93594 -0.22411 -0.52948 -0.95128 -0.22411 0.58969 -0.24098 -0.54077 0.10788 -0.96045 -0.54077 0.526 0.10788 -0.54077 -0.54199 -0.94822 0.27324 0.11798 -0.96045 -0.22411 -0.54077 0.27246 -0.22411 -0.33142 -0.22411 0.083158 -0.54077 0.10788 0.091035 -0.22411 0.087959 -0.22411 -0.22411 -0.22411 0.58969 0.27246 1 0.526 0.27324 -0.96045 0.27246 0.060651 -0.54077 -0.22411 0.58969 0.58493 -0.54077 -0.94515 -0.54077 -0.22411 0.11919
-0.11788 0.41423 -0.86867 -0.5052 -0.4923 -0.54983 -0.26404 0.99801 -0.20132 -0.86335 -0.86335 -0.86335 -0.11788 -0.4923 -0.11788 -0.86335 -0.50037 -0.11788 0.89199 -0.12675 -0.86867 -0.21771 -0.5052 -0.86867 1 -0.21771 -0.86867 -0.86689 -0.49876 -0.54663 -0.23809 -0.5052 -0.11788 -0.86867 -0.54983 -0.11788 -0.17433 -0.11788 0.1581 -0.86867 -0.21771 -0.18371 -0.11788 0.16722 -0.11788 -0.11788 -0.11788 0.89199 -0.54983 0.526 1 -0.54663 -0.5052 -0.54983 0.11531 -0.86867 -0.11788 0.89199 0.88319 -0.86867 -0.49715 -0.86867 -0.11788 -0.23155
-0.061238 -0.2218 0.62993 -0.26244 -0.25574 0.99713 -0.13716 -0.54295 0.36511 0.63384 0.63384 0.63384 -0.061238 -0.25574 -0.061238 0.63384 -0.25993 -0.061238 -0.61335 -0.065846 0.62993 -0.11309 -0.26244 0.62993 -0.54663 -0.11309 0.62993 0.62638 -0.25909 0.99426 -0.12368 -0.26244 -0.061238 0.62993 0.99713 -0.061238 -0.090559 -0.061238 -0.087175 0.62993 -0.11309 0.33316 -0.061238 -0.092209 -0.061238 -0.061238 -0.061238 -0.61335 0.99713 0.27324 -0.54663 1 -0.26244 0.99713 -0.063581 0.62993 -0.061238 -0.61335 -0.60837 0.62993 -0.25826 0.62993 -0.061238 -0.12495
-0.056105 -0.20927 0.58158 1 0.97448 -0.26168 0.52264 -0.5062 -0.095818 0.56984 0.56984 0.56984 -0.056105 0.97448 -0.056105 0.56984 0.99045 -0.056105 -0.56637 0.2509 0.58158 -0.10362 1 0.58158 -0.5052 -0.10362 0.58158 0.58277 0.98726 -0.26244 -0.11332 1 -0.056105 0.58158 -0.26168 -0.056105 0.34507 -0.056105 -0.079869 0.58158 -0.10362 -0.087435 -0.056105 -0.084481 -0.056105 -0.056105 -0.056105 -0.56637 -0.26168 -0.96045 -0.5052 -0.26244 1 -0.26168 -0.058253 0.58158 -0.056105 -0.56637 -0.5618 0.58158 0.98407 0.58158 -0.056105 -0.11448
-0.061062 -0.22776 0.63295 -0.26168 -0.25501 1 -0.13677 -0.54613 0.36616 0.63686 0.63686 0.63686 -0.061062 -0.25501 -0.061062 0.63686 -0.25919 -0.061062 -0.61641 -0.065657 0.63295 -0.11277 -0.26168 0.63295 -0.54983 -0.11277 0.63295 0.62939 -0.25835 0.99713 -0.12333 -0.26168 -0.061062 0.63295 1 -0.061062 -0.090299 -0.061062 -0.086925 0.63295 -0.11277 0.33412 -0.061062 -0.091944 -0.061062 -0.061062 -0.061062 -0.61641 1 0.27246 -0.54983 0.99713 -0.26168 1 -0.063399 0.63295 -0.061062 -0.61641 -0.61143 0.63295 -0.25752 0.63295 -0.061062 -0.12459
-0.013593 -0.0507 -0.10016 -0.058253 -0.056766 -0.063399 -0.030445 0.11508 -0.023214 -0.099549 -0.099549 -0.099549 -0.013593 -0.056766 -0.013593 -0.099549 -0.057696 -0.013593 0.10285 -0.014616 -0.10016 -0.025103 -0.058253 -0.10016 0.11531 -0.025103 -0.10016 -0.099958 -0.05751 -0.063581 -0.027453 -0.058253 -0.013593 -0.10016 -0.063399 -0.013593 -0.020101 -0.013593 -0.01935 -0.10016 -0.025103 -0.021183 -0.013593 -0.020467 -0.013593 -0.013593 -0.013593 0.10285 -0.063399 0.060651 0.11531 -0.063581 -0.058253 -0.063399 1 -0.10016 -0.013593 0.10285 0.10369 -0.10016 -0.057324 -0.10016 -0.013593 -0.027735
-0.096471 -0.35983 1 0.58158 0.56673 0.63295 0.30396 -0.86636 0.23176 0.99387 0.99387 0.99387 -0.096471 0.56673 -0.096471 0.99387 0.57602 -0.096471 -0.97386 0.14592 1 -0.17816 0.58158 1 -0.86867 -0.17816 1 0.99795 0.57417 0.62993 -0.19484 0.58158 -0.096471 1 0.63295 -0.096471 0.20068 -0.096471 -0.13733 1 -0.17816 0.21148 -0.096471 -0.14526 -0.096471 -0.096471 -0.096471 -0.97386 0.63295 -0.54077 -0.86867 0.62993 0.58158 0.63295 -0.10016 1 -0.096471 -0.97386 -0.96599 1 0.57231 1 -0.096471 -0.19685
1 -0.048831 -0.096471 -0.056105 -0.054673 -0.061062 -0.029323 -0.11812 -0.022358 -0.09588 -0.09588 -0.09588 -0.013092 -0.054673 1 -0.09588 -0.055569 1 -0.13216 -0.014077 -0.096471 -0.024178 -0.056105 -0.096471 -0.11788 -0.024178 -0.096471 -0.096274 -0.05539 -0.061238 -0.026441 -0.056105 1 -0.096471 -0.061062 1 -0.01936 1 -0.018637 -0.096471 -0.024178 -0.020402 1 -0.019713 1 1 1 -0.13216 -0.061062 -0.22411 -0.11788 -0.061238 -0.056105 -0.061062 -0.013593 -0.096471 1 -0.13216 -0.13109 -0.096471 -0.055211 -0.096471 1 -0.026713
-0.13216 0.36949 -0.97386 -0.56637 -0.55192 -0.61641 -0.29601 0.88975 -0.2257 -0.96789 -0.96789 -0.96789 0.099061 -0.55192 -0.13216 -0.96789 -0.56096 -0.13216 1 -0.1421 -0.97386 0.18295 -0.56637 -0.97386 0.89199 0.18295 -0.97386 -0.97186 -0.55916 -0.61335 0.20007 -0.56637 -0.13216 -0.97386 -0.61641 -0.13216 -0.19544 -0.13216 0.14102 -0.97386 0.18295 -0.20596 -0.13216 0.14916 -0.13216 -0.13216 -0.13216 1 -0.61641 0.58969 0.89199 -0.61335 -0.56637 -0.61641 0.10285 -0.97386 -0.13216 1 0.99192 -0.97386 -0.55735 -0.97386 -0.13216 0.20213
-0.13109 0.3725 -0.96599 -0.5618 -0.54746 -0.61143 -0.29362 0.88097 -0.22388 -0.96007 -0.96007 -0.96007 0.099867 -0.54746 -0.13109 -0.96007 -0.55643 -0.13109 0.99192 -0.14096 -0.96599 0.18444 -0.5618 -0.96599 0.88319 0.18444 -0.96599 -0.96402 -0.55464 -0.60837 0.2017 -0.5618 -0.13109 -0.96599 -0.61143 -0.13109 -0.19386 -0.13109 0.14217 -0.96599 0.18444 -0.20429 -0.13109 0.15038 -0.13109 -0.13109 -0.13109 0.99192 -0.61143 0.58493 0.88319 -0.60837 -0.5618 -0.61143 0.10369 -0.96599 -0.13109 0.99192 1 -0.96599 -0.55285 -0.96599 -0.13109 0.20378
-0.096471 -0.35983 1 0.58158 0.56673 0.63295 0.30396 -0.86636 0.23176 0.99387 0.99387 0.99387 -0.096471 0.56673 -0.096471 0.99387 0.57602 -0.096471 -0.97386 0.14592 1 -0.17816 0.58158 1 -0.86867 -0.17816 1 0.99795 0.57417 0.62993 -0.19484 0.58158 -0.096471 1 0.63295 -0.096471 0.20068 -0.096471 -0.13733 1 -0.17816 0.21148 -0.096471 -0.14526 -0.096471 -0.096471 -0.096471 -0.97386 0.63295 -0.54077 -0.86867 0.62993 0.58158 0.63295 -0.10016 1 -0.096471 -0.97386 -0.96599 1 0.57231 1 -0.096471 -0.19685
-0.055211 -0.20594 0.57231 0.98407 0.99026 -0.25752 0.5311 -0.49814 -0.094291 0.56036 0.56036 0.56036 -0.055211 0.99026 -0.055211 0.56036 0.97417 -0.055211 -0.55735 0.25496 0.57231 -0.10197 0.98407 0.57231 -0.49715 -0.10197 0.57231 0.57348 0.97087 -0.25826 -0.11151 0.98407 -0.055211 0.57231 -0.25752 -0.055211 0.35065 -0.055211 -0.078597 0.57231 -0.10197 -0.086042 -0.055211 -0.083135 -0.055211 -0.055211 -0.055211 -0.55735 -0.25752 -0.94515 -0.49715 -0.25826 0.98407 -0.25752 -0.057324 0.57231 -0.055211 -0.55735 -0.55285 0.57231 1 0.57231 -0.055211 -0.11266
-0.096471 -0.35983 1 0.58158 0.56673 0.63295 0.30396 -0.86636 0.23176 0.99387 0.99387 0.99387 -0.096471 0.56673 -0.096471 0.99387 0.57602 -0.096471 -0.97386 0.14592 1 -0.17816 0.58158 1 -0.86867 -0.17816 1 0.99795 0.57417 0.62993 -0.19484 0.58158 -0.096471 1 0.63295 -0.096471 0.20068 -0.096471 -0.13733 1 -0.17816 0.21148 -0.096471 -0.14526 -0.096471 -0.096471 -0.096471 -0.97386 0.63295 -0.54077 -0.86867 0.62993 0.58158 0.63295 -0.10016 1 -0.096471 -0.97386 -0.96599 1 0.57231 1 -0.096471 -0.19685
1 -0.048831 -0.096471 -0.056105 -0.054673 -0.061062 -0.029323 -0.11812 -0.022358 -0.09588 -0.09588 -0.09588 -0.013092 -0.054673 1 -0.09588 -0.055569 1 -0.13216 -0.014077 -0.096471 -0.024178 -0.056105 -0.096471 -0.11788 -0.024178 -0.096471 -0.096274 -0.05539 -0.061238 -0.026441 -0.056105 1 -0.096471 -0.061062 1 -0.01936 1 -0.018637 -0.096471 -0.024178 -0.020402 1 -0.019713 1 1 1 -0.13216 -0.061062 -0.22411 -0.11788 -0.061238 -0.056105 -0.061062 -0.013593 -0.096471 1 -0.13216 -0.13109 -0.096471 -0.055211 -0.096471 1 -0.026713
-0.026713 -0.099639 -0.19685 -0.11448 -0.11156 -0.12459 -0.059833 -0.23203 -0.045621 -0.19564 -0.19564 -0.19564 0.49008 -0.11156 -0.026713 -0.19564 -0.11339 -0.026713 0.20213 -0.028723 -0.19685 0.90509 -0.11448 -0.19685 -0.23155 0.90509 -0.19685 -0.19644 -0.11302 -0.12495 0.98982 -0.11448 -0.026713 -0.19685 -0.12459 -0.026713 -0.039504 -0.026713 -0.038028 -0.19685 0.90509 -0.04163 -0.026713 -0.040223 -0.026713 -0.026713 -0.026713 0.20213 -0.12459 0.11919 -0.23155 -0.12495 -0.11448 -0.12459 -0.027735 -0.19685 -0.026713 0.20213 0.20378 -0.19685 -0.11266 -0.19685 -0.026713 1
