1 0.9424 -0.058347 -0.039243 -0.042704 0.94655 0.83471 1 0.99084 0.75446 0.95209 0.75446 1 0.9954 0.98607 0.69253 -0.083543 0.98139 0.29439 0.95784 0.93829 -0.054496 -0.063151 0.97749 0.91452 0.7706 0.35775 0.31274 0.74855 0.32703 0.35922 -0.063151 -0.014313 -0.39738 -0.13994 0.35992 0.44264 0.34894 0.90011 -0.057431 0.42534 0.42534 0.12261 0.42534 0.42529 0.28172 0.92012 0.41623 0.42534 0.40752 -0.069804 0.4831 -0.051783 -0.026258 0.20904 0.41623 0.92989 0.20658 -0.39086 0.3183 0.44264 0.068266 -0.063151 0.20769 -0.041008 -0.38851 0.073948 0.55723 0.40752 0.45191 0.45191 0.44264 0.78669 0.8855 0.88644 0.71473
0.9424 1 -0.060755 0.27055 -0.044466 0.97814 0.79127 0.9424 0.9514 0.71331 0.99137 0.71331 0.9424 0.93795 0.92887 0.72322 0.051129 0.92431 0.28273 0.9014 0.97828 -0.056744 -0.065757 0.94715 0.8686 0.72907 0.42405 0.43285 0.70759 0.29535 0.3251 -0.065757 -0.017849 -0.41508 -0.14572 0.36346 0.40772 0.31481 0.85461 -0.061783 0.39054 0.39054 0.12767 0.39054 0.40777 0.27055 0.8831 0.39921 0.39054 0.40772 -0.056391 0.47841 -0.05392 -0.029961 0.22047 0.3819 0.89248 0.21791 -0.40959 0.30569 0.40772 0.030588 -0.065757 0.21862 -0.0427 -0.40671 0.076999 0.52627 0.39068 0.41652 0.41652 0.42475 0.74468 0.9292 0.92948 0.69424
-0.058347 -0.060755 1 -0.016437 -0.017887 -0.06049 -0.048704 -0.058347 -0.058887 -0.04469 -0.061284 -0.04469 -0.058347 -0.058617 -0.058077 -0.080781 -0.034994 -0.057806 -0.017177 -0.056988 -0.061019 -0.022827 0.92393 -0.059691 -0.055055 -0.048704 -0.034994 -0.028336 -0.045008 -0.027409 -0.02444 0.92393 -0.023376 0.14036 -0.058617 -0.025464 -0.027876 -0.023913 -0.055334 -0.035752 -0.026934 -0.026934 0.051359 -0.026934 -0.028791 -0.016437 -0.056988 -0.027409 -0.026934 -0.027876 -0.029239 -0.031812 -0.02169 -0.026452 0.10409 -0.027409 -0.057534 0.10312 0.13645 -0.018572 -0.027876 0.1162 0.92393 0.10094 -0.017177 0.13924 0.030974 -0.084871 -0.027876 -0.027409 -0.027409 -0.027876 -0.049003 -0.059155 -0.059691 -0.052799
-0.039243 0.27055 -0.016437 1 -0.01203 0.24334 -0.032756 -0.039243 0.018348 -0.030057 0.26822 -0.030057 -0.039243 -0.039424 -0.039061 0.20348 0.42489 -0.038878 -0.011553 -0.038328 0.26938 -0.015352 -0.017791 0.045906 -0.0065201 -0.032756 0.29036 0.47115 -0.030271 -0.018434 -0.016437 -0.017791 -0.015722 -0.11711 -0.039424 0.10336 -0.018748 -0.016083 -0.0068269 -0.024046 -0.018115 -0.018115 0.034543 -0.018115 0.0343 -0.011055 0.021084 0.037762 -0.018115 0.091872 0.03323 0.076441 -0.014588 -0.017791 0.070008 -0.018434 0.020286 0.069355 -0.12046 -0.012491 -0.018748 -0.12149 -0.017791 0.067889 -0.011553 -0.11806 0.020832 -0.011489 0.036562 -0.018434 -0.018434 0.036562 -0.032958 0.27787 0.27538 0.02755
-0.042704 -0.044466 -0.017887 -0.01203 1 -0.044272 -0.035646 -0.042704 -0.043099 -0.032709 -0.044853 -0.032709 -0.042704 -0.042902 -0.042506 -0.059123 -0.025611 -0.042308 -0.012572 -0.041709 -0.04466 -0.016707 -0.01936 -0.043687 -0.040295 -0.035646 0.098259 -0.020739 -0.032941 -0.02006 -0.017887 -0.01936 -0.017108 -0.038913 -0.042902 -0.018637 -0.020402 -0.017502 -0.040498 -0.026167 -0.019713 -0.019713 -0.19987 -0.019713 -0.021072 -0.01203 -0.041709 -0.02006 -0.019713 -0.020402 -0.021399 -0.023283 -0.015875 -0.01936 -0.076449 -0.02006 -0.042109 -0.077718 -0.04226 -0.013593 -0.020402 -0.062021 -0.01936 -0.080636 -0.012572 -0.039864 -0.34666 -0.062116 -0.020402 -0.02006 -0.02006 -0.020402 -0.035865 -0.043295 -0.043687 -0.038643
0.94655 0.97814 -0.06049 0.24334 -0.044272 1 0.78435 0.94655 0.94664 0.72763 0.98705 0.72763 0.94655 0.94209 0.95106 0.73433 0.051955 0.94655 0.28397 0.92375 0.99132 -0.056497 -0.06547 0.94248 0.88188 0.72194 0.42608 0.45162 0.69962 0.31419 0.34597 -0.06547 -0.017465 -0.41313 -0.14508 0.36512 0.42665 0.33604 0.84903 -0.061307 0.40996 0.40996 0.12712 0.40996 0.40963 0.21494 0.87786 0.40102 0.40996 0.40956 -0.072367 0.45033 -0.053685 -0.029558 0.21921 0.40102 0.88735 0.21667 -0.40754 0.30703 0.42665 0.022322 -0.06547 0.21742 -0.042514 -0.40471 0.076663 0.52254 0.39247 0.43575 0.43575 0.44375 0.73766 0.9244 0.92475 0.678
0.83471 0.79127 -0.048704 -0.032756 -0.035646 0.78435 1 0.83471 0.82707 0.90436 0.79472 0.90436 0.83471 0.83087 0.81716 0.56858 -0.069735 0.81025 0.35269 0.83287 0.77749 -0.045489 -0.052713 0.81593 0.81759 0.91371 0.42291 -0.056468 0.89778 -0.054619 -0.048704 -0.052713 0.0012847 -0.32586 -0.11681 -0.050744 -0.055551 -0.047654 0.83566 -0.039034 -0.053674 -0.053674 0.10235 -0.053674 -0.057373 0.3375 0.81111 -0.054619 -0.053674 -0.055551 -0.058266 0.097834 -0.043224 -0.010153 0.19984 -0.054619 0.80332 0.19788 -0.32867 -0.03701 -0.055551 0.22425 -0.052713 0.20115 -0.03423 -0.32865 0.061725 0.44029 -0.055551 -0.054619 -0.054619 -0.055551 0.94483 0.78101 0.78442 0.8647
1 0.9424 -0.058347 -0.039243 -0.042704 0.94655 0.83471 1 0.99084 0.75446 0.95209 0.75446 1 0.9954 0.98607 0.69253 -0.083543 0.98139 0.29439 0.95784 0.93829 -0.054496 -0.063151 0.97749 0.91452 0.7706 0.35775 0.31274 0.74855 0.32703 0.35922 -0.063151 -0.014313 -0.39738 -0.13994 0.35992 0.44264 0.34894 0.90011 -0.057431 0.42534 0.42534 0.12261 0.42534 0.42529 0.28172 0.92012 0.41623 0.42534 0.40752 -0.069804 0.4831 -0.051783 -0.026258 0.20904 0.41623 0.92989 0.20658 -0.39086 0.3183 0.44264 0.068266 -0.063151 0.20769 -0.041008 -0.38851 0.073948 0.55723 0.40752 0.45191 0.45191 0.44264 0.78669 0.8855 0.88644 0.71473
0.99084 0.9514 -0.058887 0.018348 -0.043099 0.94664 0.82707 0.99084 1 0.74752 0.96089 0.74752 0.99084 0.98626 0.97702 0.69941 -0.070178 0.97238 0.2917 0.94903 0.94725 -0.054999 -0.063735 0.98653 0.9157 0.7634 0.36806 0.30949 0.74164 0.32372 0.35579 -0.063735 -0.015115 -0.40135 -0.14124 0.37545 0.43851 0.3456 0.90134 -0.058412 0.42137 0.42137 0.12375 0.42137 0.43816 0.27914 0.92093 0.43001 0.42137 0.42107 -0.053773 0.49396 -0.052262 -0.027096 0.21161 0.4123 0.93054 0.20912 -0.39506 0.31539 0.43851 0.065981 -0.063735 0.21015 -0.041387 -0.39259 0.074631 0.56448 0.42107 0.44773 0.44773 0.43851 0.77937 0.89532 0.8961 0.7177
0.75446 0.71331 -0.04469 -0.030057 -0.032709 0.72763 0.90436 0.75446 0.74752 1 0.71817 0.98577 0.75446 0.75097 0.75798 0.52556 -0.063989 0.74999 -0.03141 0.77252 0.72129 -0.04174 -0.04837 0.73741 0.76372 0.83813 0.46539 -0.051816 0.82317 -0.050119 -0.04469 -0.04837 -0.042744 -0.31083 -0.10719 -0.046563 -0.050973 -0.043727 0.78374 -0.065376 -0.049251 -0.049251 0.093915 -0.049251 -0.052646 -0.030057 0.76083 -0.050119 -0.049251 -0.050973 -0.053465 -0.058171 -0.039663 -0.04837 0.18219 -0.050119 0.75356 0.18038 -0.31993 -0.03396 -0.050973 0.20462 -0.04837 0.18458 -0.03141 -0.3134 0.05664 0.44584 -0.050973 -0.050119 -0.050119 -0.050973 0.88564 0.73275 0.72612 0.82161
0.95209 0.99137 -0.061284 0.26822 -0.044853 0.98705 0.79472 0.95209 0.96089 0.71817 1 0.71817 0.95209 0.9476 0.93871 0.72995 0.049494 0.93426 0.28029 0.91173 0.98705 -0.057238 -0.066329 0.95645 0.8797 0.73291 0.43377 0.44571 0.71241 0.30965 0.34129 -0.066329 -0.01861 -0.41896 -0.14698 0.37863 0.42101 0.33149 0.86571 -0.062728 0.40453 0.40453 0.12878 0.40453 0.42052 0.26822 0.89354 0.41284 0.40453 0.42101 -0.057127 0.48915 -0.054389 -0.03076 0.22296 0.39564 0.90271 0.22039 -0.41369 0.30305 0.42101 0.028632 -0.066329 0.22101 -0.043072 -0.41069 0.077669 0.53371 0.40408 0.43004 0.43004 0.43794 0.74836 0.93876 0.9389 0.6975
0.75446 0.71331 -0.04469 -0.030057 -0.032709 0.72763 0.90436 0.75446 0.74752 0.98577 0.71817 1 0.75446 0.75097 0.75798 0.52556 -0.063989 0.74999 -0.03141 0.77252 0.72129 -0.04174 -0.04837 0.73741 0.76372 0.83813 0.46539 -0.051816 0.82317 -0.050119 -0.04469 -0.04837 -0.042744 -0.31083 -0.10719 -0.046563 -0.050973 -0.043727 0.78374 -0.065376 -0.049251 -0.049251 0.093915 -0.049251 -0.052646 -0.030057 0.76083 -0.050119 -0.049251 -0.050973 -0.053465 -0.058171 -0.039663 -0.04837 0.18219 -0.050119 0.75356 0.18038 -0.31993 -0.03396 -0.050973 0.20462 -0.04837 0.18458 -0.03141 -0.3134 0.05664 0.44584 -0.050973 -0.050119 -0.050119 -0.050973 0.88564 0.73275 0.72612 0.82161
1 0.9424 -0.058347 -0.039243 -0.042704 0.94655 0.83471 1 0.99084 0.75446 0.95209 0.75446 1 0.9954 0.98607 0.69253 -0.083543 0.98139 0.29439 0.95784 0.93829 -0.054496 -0.063151 0.97749 0.91452 0.7706 0.35775 0.31274 0.74855 0.32703 0.35922 -0.063151 -0.014313 -0.39738 -0.13994 0.35992 0.44264 0.34894 0.90011 -0.057431 0.42534 0.42534 0.12261 0.42534 0.42529 0.28172 0.92012 0.41623 0.42534 0.40752 -0.069804 0.4831 -0.051783 -0.026258 0.20904 0.41623 0.92989 0.20658 -0.39086 0.3183 0.44264 0.068266 -0.063151 0.20769 -0.041008 -0.38851 0.073948 0.55723 0.40752 0.45191 0.45191 0.44264 0.78669 0.8855 0.88644 0.71473
0.9954 0.93795 -0.058617 -0.039424 -0.042902 0.94209 0.83087 0.9954 0.98626 0.75097 0.9476 0.75097 0.9954 1 0.99078 0.69598 -0.083929 0.98615 0.29304 0.96281 0.94278 -0.054748 -0.063443 0.98202 0.91993 0.77763 0.35583 0.31111 0.75645 0.32536 0.3575 -0.063443 -0.014715 -0.39937 -0.14059 0.35818 0.44056 0.34726 0.90553 -0.057923 0.42335 0.42335 0.12318 0.42335 0.42326 0.28042 0.92522 0.41425 0.42335 0.40557 -0.070127 0.48081 -0.052023 -0.026678 0.21033 0.41425 0.93487 0.20785 -0.39296 0.31683 0.44056 0.070277 -0.063443 0.20892 -0.041198 -0.39055 0.07429 0.56086 0.40557 0.44981 0.44981 0.44056 0.7936 0.89042 0.89128 0.7212
0.98607 0.92887 -0.058077 -0.039061 -0.042506 0.95106 0.81716 0.98607 0.97702 0.75798 0.93871 0.75798 0.98607 0.99078 1 0.70401 -0.083156 0.99533 0.29576 0.97179 0.95178 -0.054243 -0.062858 0.97296 0.92854 0.76354 0.35969 0.3144 0.74061 0.32872 0.36096 -0.062858 -0.013908 -0.39539 -0.13929 0.36169 0.44474 0.35063 0.89468 -0.056937 0.42737 0.42737 0.12205 0.42737 0.42735 0.22447 0.91501 0.41823 0.42737 0.4095 -0.06948 0.45425 -0.051543 -0.025835 0.20775 0.41823 0.92489 0.20529 -0.38875 0.31978 0.44474 0.066244 -0.062858 0.20646 -0.040818 -0.38646 0.073605 0.55358 0.4095 0.45403 0.45403 0.44474 0.77975 0.88058 0.88158 0.70823
0.69253 0.72322 -0.080781 0.20348 -0.059123 0.73433 0.56858 0.69253 0.69941 0.52556 0.72995 0.52556 0.69253 0.69598 0.70401 1 0.41032 0.7006 0.21264 0.69032 0.74098 -0.075448 -0.087431 0.70967 0.68154 0.55141 0.33028 0.33689 0.51132 0.23899 0.2706 -0.087431 -0.043933 -0.2274 0.1399 0.29986 0.33098 0.26341 0.63849 -0.095741 0.31885 0.31885 0.1451 0.31885 0.32904 0.15661 0.66002 0.32497 0.31885 0.33098 0.011262 0.35639 -0.035882 -0.057797 0.25951 0.31064 0.6671 0.25599 -0.2181 0.22991 0.33098 0.098983 -0.087431 0.23736 -0.034324 -0.21702 0.10238 0.35308 0.30277 0.32497 0.32497 0.33098 0.5383 0.68811 0.68772 0.49281
-0.083543 0.051129 -0.034994 0.42489 -0.025611 0.051955 -0.069735 -0.083543 -0.070178 -0.063989 0.049494 -0.063989 -0.083543 -0.083929 -0.083156 0.41032 1 -0.082767 -0.024594 -0.081597 0.050308 -0.032684 -0.037875 -0.057478 -0.078829 -0.069735 0.081159 0.19858 -0.064443 -0.039244 -0.034994 -0.037875 -0.03347 0.097781 0.44094 -0.0070699 -0.039913 -0.034239 -0.079228 -0.051191 -0.038565 -0.038565 0.073537 -0.038565 -0.041223 -0.023535 -0.067104 -0.039244 -0.038565 -0.012929 -0.016058 -0.021683 -0.031057 -0.037875 0.13893 -0.039244 -0.067991 0.1375 0.091829 -0.026592 -0.039913 0.059235 -0.037875 0.1036 -0.024594 0.096077 0.04435 -0.1104 -0.039913 -0.039244 -0.039244 -0.012929 -0.070164 0.056186 0.054474 -0.060216
0.98139 0.92431 -0.057806 -0.038878 -0.042308 0.94655 0.81025 0.98139 0.97238 0.74999 0.93426 0.74999 0.98139 0.98615 0.99533 0.7006 -0.082767 1 0.29715 0.96686 0.94733 -0.05399 -0.062565 0.96842 0.92316 0.75645 0.34731 0.31607 0.73263 0.33042 0.36272 -0.062565 -0.0135 -0.3934 -0.13864 0.36347 0.44687 0.35235 0.88923 -0.05644 0.42941 0.42941 0.12148 0.42941 0.42943 0.22559 0.90988 0.42025 0.42941 0.4115 -0.069156 0.45649 -0.051303 -0.02541 0.20645 0.42025 0.91987 0.20401 -0.38663 0.32128 0.44687 0.064208 -0.062565 0.20522 -0.040627 -0.3844 0.073261 0.54992 0.4115 0.45618 0.45618 0.44687 0.77277 0.87563 0.87672 0.7017
0.29439 0.28273 -0.017177 -0.011553 -0.012572 0.28397 0.35269 0.29439 0.2917 -0.03141 0.28029 -0.03141 0.29439 0.29304 0.29576 0.21264 -0.024594 0.29715 1 0.30141 0.2815 -0.016043 -0.018591 0.28777 0.28277 0.2882 -0.024594 -0.019916 0.27833 -0.019263 -0.017177 -0.018591 0.10878 -0.067121 -0.041198 -0.017897 -0.019592 -0.016807 0.2231 0.059134 -0.01893 -0.01893 0.036097 -0.01893 -0.020235 0.78086 0.21605 -0.019263 -0.01893 -0.019592 -0.02055 0.30566 -0.015245 0.092735 0.073158 -0.019263 0.21381 0.072475 -0.051956 -0.013053 -0.019592 0.081668 -0.018591 0.070944 -0.012072 -0.068061 0.02177 0.027697 -0.019592 -0.019263 -0.019263 -0.019592 0.25429 0.20738 0.23281 0.20452
0.95784 0.9014 -0.056988 -0.038328 -0.041709 0.92375 0.83287 0.95784 0.94903 0.77252 0.91173 0.77252 0.95784 0.96281 0.97179 0.69032 -0.081597 0.96686 0.30141 1 0.92481 -0.053226 -0.06168 0.95472 0.90693 0.77848 0.36767 0.23318 0.75491 0.26301 0.28715 -0.06168 -0.012262 -0.38737 -0.13668 0.29107 0.3819 0.31627 0.87276 -0.054937 0.39877 0.39877 0.11976 0.39877 0.36646 0.22902 0.91359 0.39014 0.39877 0.3819 -0.068177 0.43174 -0.050577 -0.024119 0.20254 0.39014 0.90473 0.20012 -0.3927 0.24678 0.3819 0.070925 -0.06168 0.20147 -0.040053 -0.39063 0.072225 0.53149 0.36402 0.37198 0.37198 0.36402 0.79494 0.87003 0.87129 0.72268
0.93829 0.97828 -0.061019 0.26938 -0.04466 0.99132 0.77749 0.93829 0.94725 0.72129 0.98705 0.72129 0.93829 0.94278 0.95178 0.74098 0.050308 0.94733 0.2815 0.92481 1 -0.056992 -0.066043 0.95181 0.89289 0.72582 0.4358 0.44766 0.70448 0.31115 0.34283 -0.066043 -0.018231 -0.41702 -0.14635 0.38032 0.42287 0.33299 0.86017 -0.062256 0.40632 0.40632 0.12823 0.40632 0.4224 0.21294 0.88833 0.41467 0.40632 0.42287 -0.05676 0.46127 -0.054155 -0.030361 0.22172 0.39742 0.89761 0.21915 -0.41165 0.30436 0.42287 0.026542 -0.066043 0.21982 -0.042886 -0.4087 0.077334 0.53 0.40589 0.43192 0.43192 0.43985 0.74138 0.93398 0.93419 0.69103
-0.054496 -0.056744 -0.022827 -0.015352 -0.016707 -0.056497 -0.045489 -0.054496 -0.054999 -0.04174 -0.057238 -0.04174 -0.054496 -0.054748 -0.054243 -0.075448 -0.032684 -0.05399 -0.016043 -0.053226 -0.056992 1 -0.024706 -0.055751 -0.051421 -0.045489 -0.032684 -0.026466 -0.042037 -0.025599 -0.022827 -0.024706 -0.021833 -0.16263 -0.054748 -0.023783 -0.026036 -0.022335 -0.051681 -0.033392 -0.025156 -0.025156 -0.44445 -0.025156 -0.02689 -0.015352 -0.053226 -0.025599 -0.025156 -0.026036 -0.027309 -0.029712 -0.020259 -0.024706 -0.21929 -0.025599 -0.053736 -0.20623 -0.16729 -0.017346 -0.026036 -0.19644 -0.024706 -0.22614 -0.016043 -0.16394 -0.73695 -0.079268 -0.026036 -0.025599 -0.025599 -0.026036 -0.045768 -0.05525 -0.055751 -0.049314
-0.063151 -0.065757 0.92393 -0.017791 -0.01936 -0.06547 -0.052713 -0.063151 -0.063735 -0.04837 -0.066329 -0.04837 -0.063151 -0.063443 -0.062858 -0.087431 -0.037875 -0.062565 -0.018591 -0.06168 -0.066043 -0.024706 1 -0.064605 -0.059588 -0.052713 -0.037875 -0.030669 -0.048713 -0.029665 -0.026452 1 -0.0253 0.15192 -0.063443 -0.02756 -0.030171 -0.025882 -0.059889 -0.038696 -0.029152 -0.029152 0.055588 -0.029152 -0.031161 -0.017791 -0.06168 -0.029665 -0.029152 -0.030171 -0.031646 -0.034431 -0.023476 -0.02863 0.11266 -0.029665 -0.062271 0.11161 0.14768 -0.020101 -0.030171 0.12577 1 0.10925 -0.018591 0.1507 0.033525 -0.091858 -0.030171 -0.029665 -0.029665 -0.030171 -0.053038 -0.064026 -0.064605 -0.057146
0.97749 0.94715 -0.059691 0.045906 -0.043687 0.94248 0.81593 0.97749 0.98653 0.73741 0.95645 0.73741 0.97749 0.98202 0.97296 0.70967 -0.057478 0.96842 0.28777 0.95472 0.95181 -0.055751 -0.064605 1 0.92234 0.76341 0.37634 0.32174 0.74279 0.33641 0.37035 -0.064605 -0.0163 -0.40727 -0.14316 0.4078 0.44974 0.3607 0.90804 -0.059869 0.4334 0.4334 0.12544 0.4334 0.44883 0.27538 0.93618 0.44164 0.4334 0.44974 -0.054904 0.51768 -0.052976 -0.028337 0.21543 0.4241 0.94546 0.21291 -0.40133 0.31114 0.44974 0.059505 -0.064605 0.2138 -0.041952 -0.39868 0.075651 0.56103 0.41522 0.44164 0.44164 0.44974 0.77914 0.90091 0.90153 0.7271
0.91452 0.8686 -0.055055 -0.0065201 -0.040295 0.88188 0.81759 0.91452 0.9157 0.76372 0.8797 0.76372 0.91452 0.91993 0.92854 0.68154 -0.078829 0.92316 0.28277 0.90693 0.89289 -0.051421 -0.059588 0.92234 1 0.79525 0.38258 0.3339 0.7459 0.36727 0.40233 -0.059588 -0.0092723 -0.37948 -0.13205 0.42252 0.35945 0.39189 0.93445 -0.051342 0.33752 0.33752 0.1157 0.33752 0.36263 0.23755 0.88721 0.34861 0.33752 0.3411 -0.048308 0.39921 -0.048862 -0.021013 0.20697 0.32996 0.89819 0.20468 -0.37146 0.33733 0.35945 0.096093 -0.059588 0.2065 -0.038694 -0.36986 0.069776 0.52007 0.32274 0.34861 0.34861 0.3411 0.79002 0.84443 0.83666 0.72877
0.7706 0.72907 -0.048704 -0.032756 -0.035646 0.72194 0.91371 0.7706 0.7634 0.83813 0.73291 0.83813 0.7706 0.77763 0.76354 0.55141 -0.069735 0.75645 0.2882 0.77848 0.72582 -0.045489 -0.052713 0.76341 0.79525 1 0.4886 -0.056468 0.85829 -0.054619 -0.048704 -0.052713 -0.022649 -0.32586 -0.11681 -0.050744 -0.035295 -0.047654 0.79115 -0.05514 -0.032753 -0.032753 0.066934 -0.032753 -0.037722 0.3375 0.77848 -0.03404 -0.032753 -0.035295 -0.058266 0.11575 -0.043224 -0.031433 0.17708 -0.03404 0.77092 0.17503 -0.32867 -0.03701 -0.035295 0.195 -0.052713 0.17811 -0.03423 -0.32865 0.061725 0.40689 -0.035295 -0.03404 -0.03404 -0.035295 0.89577 0.74929 0.7424 0.81851
0.35775 0.42405 -0.034994 0.29036 0.098259 0.42608 0.42291 0.35775 0.36806 0.46539 0.43377 0.46539 0.35775 0.35583 0.35969 0.33028 0.081159 0.34731 -0.024594 0.36767 0.4358 -0.032684 -0.037875 0.37634 0.38258 0.4886 1 0.11887 0.33899 -0.039244 -0.034994 -0.037875 -0.03347 -0.18365 -0.083929 0.02232 -0.012929 -0.034239 0.38037 -0.051191 -0.010694 -0.010694 0.026357 -0.010694 0.011139 -0.023535 0.39666 0.015589 -0.010694 0.04104 -0.016058 0.026048 -0.031057 -0.037875 0.11871 -0.011828 0.39241 0.11721 -0.19056 -0.026592 -0.012929 0.068975 -0.037875 0.11383 -0.024594 -0.1856 0.04435 0.17876 0.014055 -0.011828 -0.011828 0.014055 0.42001 0.45067 0.4603 0.41665
0.31274 0.43285 -0.028336 0.47115 -0.020739 0.45162 -0.056468 0.31274 0.30949 -0.051816 0.44571 -0.051816 0.31274 0.31111 0.3144 0.33689 0.19858 0.31607 -0.019916 0.23318 0.44766 -0.026466 -0.030669 0.32174 0.3339 -0.056468 0.11887 1 -0.052183 0.70084 0.75114 -0.030669 -0.027102 -0.19049 -0.067963 0.79153 0.68876 0.73021 0.33202 -0.041453 0.64583 0.64583 0.059548 0.64583 0.66622 -0.019058 0.3036 0.63424 0.64583 0.65598 -0.0339 0.57187 -0.025149 -0.030669 0.12069 0.63424 0.33524 0.11956 -0.17337 0.65541 0.68876 -0.20837 -0.030669 0.11703 -0.019916 -0.1693 0.035913 0.2123 0.62321 0.70084 0.70084 0.72154 -0.056816 0.42768 0.42373 -0.042532
0.74855 0.70759 -0.045008 -0.030271 -0.032941 0.69962 0.89778 0.74855 0.74164 0.82317 0.71241 0.82317 0.74855 0.75645 0.74061 0.51132 -0.064443 0.73263 0.27833 0.75491 0.70448 -0.042037 -0.048713 0.74279 0.7459 0.85829 0.33899 -0.052183 1 -0.050475 -0.045008 -0.048713 -0.043048 -0.32066 -0.10795 -0.046893 -0.051335 -0.044038 0.8015 -0.065841 -0.049601 -0.049601 0.081973 -0.049601 -0.05302 0.36521 0.77815 -0.050475 -0.049601 -0.051335 -0.053845 0.11363 -0.012478 -0.048713 0.18359 -0.050475 0.77075 0.18177 -0.3223 -0.034202 -0.051335 0.20618 -0.048713 0.17768 -0.031633 -0.32325 0.057042 0.39656 -0.051335 -0.050475 -0.050475 -0.051335 0.90537 0.74954 0.74279 0.82777
0.32703 0.29535 -0.027409 -0.018434 -0.02006 0.31419 -0.054619 0.32703 0.32372 -0.050119 0.30965 -0.050119 0.32703 0.32536 0.32872 0.23899 -0.039244 0.33042 -0.019263 0.26301 0.31115 -0.025599 -0.029665 0.33641 0.36727 -0.054619 -0.039244 0.70084 -0.050475 1 0.85339 -0.029665 -0.026215 -0.12474 -0.065737 0.85539 0.78034 0.83337 0.38385 -0.040095 0.7382 0.7382 0.057598 0.7382 0.78795 -0.018434 0.33565 0.72514 0.7382 0.7127 -0.03279 0.62231 -0.024325 -0.029665 0.11673 0.72514 0.36821 0.11564 -0.1065 0.6776 0.78034 -0.13822 -0.029665 0.1132 -0.019263 -0.10272 0.034737 0.22538 0.67889 0.75949 0.75949 0.74652 -0.054955 0.30443 0.30134 -0.059212
0.35922 0.3251 -0.02444 -0.016437 -0.017887 0.34597 -0.048704 0.35922 0.35579 -0.04469 0.34129 -0.04469 0.35922 0.3575 0.36096 0.2706 -0.034994 0.36272 -0.017177 0.28715 0.34283 -0.022827 -0.026452 0.37035 0.40233 -0.048704 -0.034994 0.75114 -0.045008 0.85339 1 -0.026452 -0.023376 -0.17412 -0.058617 0.91874 0.83905 0.89129 0.42097 -0.035752 0.79061 0.79061 0.051359 0.79061 0.81232 -0.016437 0.36813 0.7768 0.79061 0.76366 -0.029239 0.66825 -0.02169 -0.026452 0.089971 0.7768 0.40469 0.088948 -0.15281 0.7599 0.83905 -0.18312 -0.026452 0.086647 -0.017177 -0.1493 0.030974 0.2569 0.72597 0.8151 0.8151 0.80136 -0.049003 0.33443 0.33125 -0.052799
-0.063151 -0.065757 0.92393 -0.017791 -0.01936 -0.06547 -0.052713 -0.063151 -0.063735 -0.04837 -0.066329 -0.04837 -0.063151 -0.063443 -0.062858 -0.087431 -0.037875 -0.062565 -0.018591 -0.06168 -0.066043 -0.024706 1 -0.064605 -0.059588 -0.052713 -0.037875 -0.030669 -0.048713 -0.029665 -0.026452 1 -0.0253 0.15192 -0.063443 -0.02756 -0.030171 -0.025882 -0.059889 -0.038696 -0.029152 -0.029152 0.055588 -0.029152 -0.031161 -0.017791 -0.06168 -0.029665 -0.029152 -0.030171 -0.031646 -0.034431 -0.023476 -0.02863 0.11266 -0.029665 -0.062271 0.11161 0.14768 -0.020101 -0.030171 0.12577 1 0.10925 -0.018591 0.1507 0.033525 -0.091858 -0.030171 -0.029665 -0.029665 -0.030171 -0.053038 -0.064026 -0.064605 -0.057146
-0.014313 -0.017849 -0.023376 -0.015722 -0.017108 -0.017465 0.0012847 -0.014313 -0.015115 -0.042744 -0.01861 -0.042744 -0.014313 -0.014715 -0.013908 -0.043933 -0.03347 -0.0135 0.10878 -0.012262 -0.018231 -0.021833 -0.0253 -0.0163 -0.0092723 -0.022649 -0.03347 -0.027102 -0.043048 -0.026215 -0.023376 -0.0253 1 0.13425 -0.056065 -0.024355 -0.026662 -0.022872 -0.052924 0.65382 -0.025761 -0.025761 0.049123 -0.025761 -0.027537 -0.015722 -0.054507 -0.026215 -0.025761 -0.026662 -0.027965 -0.030427 -0.020746 0.8837 0.099558 -0.026215 -0.055028 0.098629 0.13051 -0.017763 -0.026662 0.11114 -0.0253 0.08163 -0.016429 0.13317 0.029626 -0.048756 -0.026662 -0.026215 -0.026215 -0.026662 -0.046869 -0.056579 -0.057092 -0.0505
-0.39738 -0.41508 0.14036 -0.11711 -0.038913 -0.41313 -0.32586 -0.39738 -0.40135 -0.31083 -0.41896 -0.31083 -0.39738 -0.39937 -0.39539 -0.2274 0.097781 -0.3934 -0.067121 -0.38737 -0.41702 -0.16263 0.15192 -0.40727 -0.37948 -0.32586 -0.18365 -0.19049 -0.32066 -0.12474 -0.17412 0.15192 0.13425 1 0.33664 -0.18142 -0.1986 -0.15699 -0.38787 0.20533 -0.19189 -0.19189 0.35917 -0.19189 -0.19389 -0.11711 -0.3998 -0.19527 -0.19189 -0.1986 0.15685 -0.22664 -0.15453 0.15192 0.73726 -0.19527 -0.40373 0.73032 0.94793 -0.13232 -0.1986 0.82369 0.15192 0.67088 -0.12238 0.98393 0.22068 -0.30422 -0.18703 -0.19527 -0.19527 -0.1986 -0.34212 -0.41541 -0.40727 -0.36957
-0.13994 -0.14572 -0.058617 -0.039424 -0.042902 -0.14508 -0.11681 -0.13994 -0.14124 -0.10719 -0.14698 -0.10719 -0.13994 -0.14059 -0.13929 0.1399 0.44094 -0.13864 -0.041198 -0.13668 -0.14635 -0.054748 -0.063443 -0.14316 -0.13205 -0.11681 -0.083929 -0.067963 -0.10795 -0.065737 -0.058617 -0.063443 -0.056065 0.33664 1 -0.061073 -0.066858 -0.057354 -0.13271 -0.08575 -0.064599 -0.064599 0.12318 -0.064599 -0.069052 -0.039424 -0.13668 -0.065737 -0.064599 -0.066858 0.48207 -0.076299 -0.052023 -0.063443 0.24965 -0.065737 -0.13799 0.24732 0.32727 -0.044544 -0.066858 0.2787 -0.063443 0.22219 -0.041198 0.33395 0.07429 -0.18913 -0.049361 -0.065737 -0.065737 -0.066858 -0.11753 -0.14188 -0.14316 -0.12663
0.35992 0.36346 -0.025464 0.10336 -0.018637 0.36512 -0.050744 0.35992 0.37545 -0.046563 0.37863 -0.046563 0.35992 0.35818 0.36169 0.29986 -0.0070699 0.36347 -0.017897 0.29107 0.38032 -0.023783 -0.02756 0.4078 0.42252 -0.050744 0.02232 0.79153 -0.046893 0.85539 0.91874 -0.02756 -0.024355 -0.18142 -0.061073 1 0.84097 0.89719 0.44027 -0.03725 0.79565 0.79565 0.053511 0.79565 0.84928 -0.017126 0.40789 0.81855 0.79565 0.84097 0.0042042 0.73632 -0.022599 -0.02756 0.10845 0.78172 0.44259 0.10744 -0.16132 0.72935 0.84097 -0.17988 -0.02756 0.10517 -0.017897 -0.15766 0.032272 0.27015 0.76847 0.81855 0.81855 0.84097 -0.051056 0.37368 0.3702 -0.013681
0.44264 0.40772 -0.027876 -0.018748 -0.020402 0.42665 -0.055551 0.44264 0.43851 -0.050973 0.42101 -0.050973 0.44264 0.44056 0.44474 0.33098 -0.039913 0.44687 -0.019592 0.3819 0.42287 -0.026036 -0.030171 0.44974 0.35945 -0.035295 -0.012929 0.68876 -0.051335 0.78034 0.83905 -0.030171 -0.026662 -0.1986 -0.066858 0.84097 1 0.81936 0.37577 -0.040779 0.96621 0.96621 0.05858 0.96621 0.96823 -0.018748 0.4534 0.94942 0.96621 0.93343 -0.033349 0.81739 -0.02474 -0.030171 0.11872 0.94942 0.48451 0.11762 -0.18107 0.66624 1 -0.21587 -0.030171 0.11513 -0.019592 -0.17704 0.035329 0.31473 0.90015 0.98323 0.98323 0.96672 -0.055892 0.4191 0.41522 -0.060222
0.34894 0.31481 -0.023913 -0.016083 -0.017502 0.33604 -0.047654 0.34894 0.3456 -0.043727 0.33149 -0.043727 0.34894 0.34726 0.35063 0.26341 -0.034239 0.35235 -0.016807 0.31627 0.33299 -0.022335 -0.025882 0.3607 0.39189 -0.047654 -0.034239 0.73021 -0.044038 0.83337 0.89129 -0.025882 -0.022872 -0.15699 -0.057354 0.89719 0.81936 1 0.41102 -0.034982 0.84809 0.84809 0.050252 0.84809 0.79325 -0.016083 0.39895 0.83337 0.84809 0.81936 -0.028608 0.71767 -0.021223 -0.025882 0.10185 0.83337 0.39512 0.1009 -0.16183 0.77664 0.81936 -0.1919 -0.025882 0.098765 -0.016807 -0.15836 0.030307 0.25004 0.78088 0.79427 0.79427 0.78088 -0.047947 0.36406 0.3607 -0.051661
0.90011 0.85461 -0.055334 -0.0068269 -0.040498 0.84903 0.83566 0.90011 0.90134 0.78374 0.86571 0.78374 0.90011 0.90553 0.89468 0.63849 -0.079228 0.88923 0.2231 0.87276 0.86017 -0.051681 -0.059889 0.90804 0.93445 0.79115 0.38037 0.33202 0.8015 0.38385 0.42097 -0.059889 -0.052924 -0.38787 -0.13271 0.44027 0.37577 0.41102 1 -0.080946 0.35454 0.35454 0.11628 0.35454 0.37837 0.29706 0.95133 0.36527 0.35454 0.35748 -0.04871 0.44552 -0.049109 -0.059889 0.23567 0.34669 0.96176 0.23347 -0.38638 0.33564 0.37577 0.11787 -0.059889 0.22854 -0.03889 -0.38469 0.070128 0.53892 0.3392 0.36527 0.36527 0.35748 0.85237 0.90675 0.89856 0.7874
-0.057431 -0.061783 -0.035752 -0.024046 -0.026167 -0.061307 -0.039034 -0.057431 -0.058412 -0.065376 -0.062728 -0.065376 -0.057431 -0.057923 -0.056937 -0.095741 -0.051191 -0.05644 0.059134 -0.054937 -0.062256 -0.033392 -0.038696 -0.059869 -0.051342 -0.05514 -0.051191 -0.041453 -0.065841 -0.040095 -0.035752 -0.038696 0.65382 0.20533 -0.08575 -0.03725 -0.040779 -0.034982 -0.080946 1 -0.039401 -0.039401 0.075132 -0.039401 -0.042117 -0.024046 -0.083366 -0.040095 -0.039401 -0.040779 -0.042772 -0.046537 -0.03173 0.73987 0.15227 -0.040095 -0.084165 0.15085 0.19961 -0.027168 -0.040779 0.16998 -0.038696 0.13763 -0.025128 0.20368 0.045312 -0.080522 -0.040779 -0.040095 -0.040095 -0.040779 -0.071685 -0.086537 -0.08732 -0.077238
0.42534 0.39054 -0.026934 -0.018115 -0.019713 0.40996 -0.053674 0.42534 0.42137 -0.049251 0.40453 -0.049251 0.42534 0.42335 0.42737 0.31885 -0.038565 0.42941 -0.01893 0.39877 0.40632 -0.025156 -0.029152 0.4334 0.33752 -0.032753 -0.010694 0.64583 -0.049601 0.7382 0.79061 -0.029152 -0.025761 -0.19189 -0.064599 0.79565 0.96621 0.84809 0.35454 -0.039401 1 1 0.056601 1 0.93552 -0.018115 0.47263 0.98269 1 0.96621 -0.032222 0.84666 -0.023904 -0.029152 0.11471 0.98269 0.46814 0.11364 -0.19739 0.68954 0.96621 -0.23179 -0.029152 0.11124 -0.01893 -0.19344 0.034135 0.30319 0.93184 0.94776 0.94776 0.93184 -0.054004 0.43736 0.4334 -0.058187
0.42534 0.39054 -0.026934 -0.018115 -0.019713 0.40996 -0.053674 0.42534 0.42137 -0.049251 0.40453 -0.049251 0.42534 0.42335 0.42737 0.31885 -0.038565 0.42941 -0.01893 0.39877 0.40632 -0.025156 -0.029152 0.4334 0.33752 -0.032753 -0.010694 0.64583 -0.049601 0.7382 0.79061 -0.029152 -0.025761 -0.19189 -0.064599 0.79565 0.96621 0.84809 0.35454 -0.039401 1 1 0.056601 1 0.93552 -0.018115 0.47263 0.98269 1 0.96621 -0.032222 0.84666 -0.023904 -0.029152 0.11471 0.98269 0.46814 0.11364 -0.19739 0.68954 0.96621 -0.23179 -0.029152 0.11124 -0.01893 -0.19344 0.034135 0.30319 0.93184 0.94776 0.94776 0.93184 -0.054004 0.43736 0.4334 -0.058187
0.12261 0.12767 0.051359 0.034543 -0.19987 0.12712 0.10235 0.12261 0.12375 0.093915 0.12878 0.093915 0.12261 0.12318 0.12205 0.1451 0.073537 0.12148 0.036097 0.11976 0.12823 -0.44445 0.055588 0.12544 0.1157 0.066934 0.026357 0.059548 0.081973 0.057598 0.051359 0.055588 0.049123 0.35917 0.12318 0.053511 0.05858 0.050252 0.11628 0.075132 0.056601 0.056601 1 0.056601 0.060502 0.034543 0.11976 0.057598 0.056601 0.05858 0.061444 0.066852 -0.42233 0.055588 0.49341 0.057598 0.1209 0.49076 0.37639 0.039028 0.05858 0.44199 0.055588 0.50881 0.036097 0.36887 0.60309 0.17835 0.05858 0.057598 0.057598 0.05858 0.10298 0.12431 0.12544 0.11095
0.42534 0.39054 -0.026934 -0.018115 -0.019713 0.40996 -0.053674 0.42534 0.42137 -0.049251 0.40453 -0.049251 0.42534 0.42335 0.42737 0.31885 -0.038565 0.42941 -0.01893 0.39877 0.40632 -0.025156 -0.029152 0.4334 0.33752 -0.032753 -0.010694 0.64583 -0.049601 0.7382 0.79061 -0.029152 -0.025761 -0.19189 -0.064599 0.79565 0.96621 0.84809 0.35454 -0.039401 1 1 0.056601 1 0.93552 -0.018115 0.47263 0.98269 1 0.96621 -0.032222 0.84666 -0.023904 -0.029152 0.11471 0.98269 0.46814 0.11364 -0.19739 0.68954 0.96621 -0.23179 -0.029152 0.11124 -0.01893 -0.19344 0.034135 0.30319 0.93184 0.94776 0.94776 0.93184 -0.054004 0.43736 0.4334 -0.058187
0.42529 0.40777 -0.028791 0.0343 -0.021072 0.40963 -0.057373 0.42529 0.43816 -0.052646 0.42052 -0.052646 0.42529 0.42326 0.42735 0.32904 -0.041223 0.42943 -0.020235 0.36646 0.4224 -0.02689 -0.031161 0.44883 0.36263 -0.037722 0.011139 0.66622 -0.05302 0.78795 0.81232 -0.031161 -0.027537 -0.19389 -0.069052 0.84928 0.96823 0.79325 0.37837 -0.042117 0.93552 0.93552 0.060502 0.93552 1 -0.019364 0.45317 0.952 0.93552 0.93594 -0.003561 0.81934 -0.025552 -0.031161 0.12262 0.91919 0.48319 0.12148 -0.1772 0.64507 0.96823 -0.20114 -0.031161 0.11891 -0.020235 -0.17307 0.036488 0.31261 0.90364 0.952 0.952 0.93594 -0.057726 0.41925 0.41534 -0.043789
0.28172 0.27055 -0.016437 -0.011055 -0.01203 0.21494 0.3375 0.28172 0.27914 -0.030057 0.26822 -0.030057 0.28172 0.28042 0.22447 0.15661 -0.023535 0.22559 0.78086 0.22902 0.21294 -0.015352 -0.017791 0.27538 0.23755 0.3375 -0.023535 -0.019058 0.36521 -0.018434 -0.016437 -0.017791 -0.015722 -0.11711 -0.039424 -0.017126 -0.018748 -0.016083 0.29706 -0.024046 -0.018115 -0.018115 0.034543 -0.018115 -0.019364 1 0.28844 -0.018434 -0.018115 -0.018748 -0.019665 0.41887 -0.014588 -0.017791 0.070008 -0.018434 0.2857 0.069355 -0.10117 -0.012491 -0.018748 0.078152 -0.017791 0.067889 -0.011553 -0.11806 0.020832 0.0569 -0.018748 -0.018434 -0.018434 -0.018748 0.33544 0.27787 0.27538 0.27979
0.92012 0.8831 -0.056988 0.021084 -0.041709 0.87786 0.81111 0.92012 0.92093 0.76083 0.89354 0.76083 0.92012 0.92522 0.91501 0.66002 -0.067104 0.90988 0.21605 0.91359 0.88833 -0.053226 -0.06168 0.93618 0.88721 0.77848 0.39666 0.3036 0.77815 0.33565 0.36813 -0.06168 -0.054507 -0.3998 -0.13668 0.40789 0.4534 0.39895 0.95133 -0.083366 0.47263 0.47263 0.11976 0.47263 0.45317 0.28844 1 0.48095 0.47263 0.48915 -0.051082 0.55822 -0.050577 -0.06168 0.24272 0.46279 0.99051 0.24045 -0.41141 0.32589 0.4534 0.077378 -0.06168 0.23537 -0.040053 -0.40929 0.072225 0.55359 0.4534 0.44463 0.44463 0.4534 0.82741 0.95403 0.94545 0.77363
0.41623 0.39921 -0.027409 0.037762 -0.02006 0.40102 -0.054619 0.41623 0.43001 -0.050119 0.41284 -0.050119 0.41623 0.41425 0.41823 0.32497 -0.039244 0.42025 -0.019263 0.39014 0.41467 -0.025599 -0.029665 0.44164 0.34861 -0.03404 0.015589 0.63424 -0.050475 0.72514 0.7768 -0.029665 -0.026215 -0.19527 -0.065737 0.81855 0.94942 0.83337 0.36527 -0.040095 0.98269 0.98269 0.057598 0.98269 0.952 -0.018434 0.48095 1 0.98269 0.98323 -0.00045006 0.86158 -0.024325 -0.029665 0.11673 0.96564 0.47639 0.11564 -0.20087 0.6776 0.94942 -0.22367 -0.029665 0.1132 -0.019263 -0.19685 0.034737 0.30901 0.94942 0.93128 0.93128 0.9156 -0.054955 0.44568 0.44164 -0.039935
0.42534 0.39054 -0.026934 -0.018115 -0.019713 0.40996 -0.053674 0.42534 0.42137 -0.049251 0.40453 -0.049251 0.42534 0.42335 0.42737 0.31885 -0.038565 0.42941 -0.01893 0.39877 0.40632 -0.025156 -0.029152 0.4334 0.33752 -0.032753 -0.010694 0.64583 -0.049601 0.7382 0.79061 -0.029152 -0.025761 -0.19189 -0.064599 0.79565 0.96621 0.84809 0.35454 -0.039401 1 1 0.056601 1 0.93552 -0.018115 0.47263 0.98269 1 0.96621 -0.032222 0.84666 -0.023904 -0.029152 0.11471 0.98269 0.46814 0.11364 -0.19739 0.68954 0.96621 -0.23179 -0.029152 0.11124 -0.01893 -0.19344 0.034135 0.30319 0.93184 0.94776 0.94776 0.93184 -0.054004 0.43736 0.4334 -0.058187
0.40752 0.40772 -0.027876 0.091872 -0.020402 0.40956 -0.055551 0.40752 0.42107 -0.050973 0.42101 -0.050973 0.40752 0.40557 0.4095 0.33098 -0.012929 0.4115 -0.019592 0.3819 0.42287 -0.026036 -0.030171 0.44974 0.3411 -0.035295 0.04104 0.65598 -0.051335 0.7127 0.76366 -0.030171 -0.026662 -0.1986 -0.066858 0.84097 0.93343 0.81936 0.35748 -0.040779 0.96621 0.96621 0.05858 0.96621 0.93594 -0.018748 0.48915 0.98323 0.96621 1 -0.0015187 0.87627 -0.02474 -0.030171 0.11872 0.94942 0.48451 0.11762 -0.20429 0.66624 0.93343 -0.22788 -0.030171 0.11513 -0.019592 -0.20021 0.035329 0.30102 0.93343 0.9156 0.9156 0.93343 -0.055892 0.45385 0.44974 -0.022274
-0.069804 -0.056391 -0.029239 0.03323 -0.021399 -0.072367 -0.058266 -0.069804 -0.053773 -0.053465 -0.057127 -0.053465 -0.069804 -0.070127 -0.06948 0.011262 -0.016058 -0.069156 -0.02055 -0.068177 -0.05676 -0.027309 -0.031646 -0.054904 -0.048308 -0.058266 -0.016058 -0.0339 -0.053845 -0.03279 -0.029239 -0.031646 -0.027965 0.15685 0.48207 0.0042042 -0.033349 -0.028608 -0.04871 -0.042772 -0.032222 -0.032222 0.061444 -0.032222 -0.003561 -0.019665 -0.051082 -0.00045006 -0.032222 -0.0015187 1 -0.0099063 -0.025949 -0.031646 0.12453 -0.03279 -0.051859 0.12337 0.15214 -0.022218 -0.033349 0.13901 -0.031646 0.12076 -0.02055 0.1555 0.037056 -0.062178 0.030312 -0.03279 -0.03279 -0.033349 -0.058625 -0.054151 -0.054904 -0.04502
0.4831 0.47841 -0.031812 0.076441 -0.023283 0.45033 0.097834 0.4831 0.49396 -0.058171 0.48915 -0.058171 0.4831 0.48081 0.45425 0.35639 -0.021683 0.45649 0.30566 0.43174 0.46127 -0.029712 -0.034431 0.51768 0.39921 0.11575 0.026048 0.57187 0.11363 0.62231 0.66825 -0.034431 -0.030427 -0.22664 -0.076299 0.73632 0.81739 0.71767 0.44552 -0.046537 0.84666 0.84666 0.066852 0.84666 0.81934 0.41887 0.55822 0.86158 0.84666 0.87627 -0.0099063 1 -0.028233 -0.034431 0.13549 0.83167 0.55293 0.13422 -0.22287 0.5838 0.81739 -0.16752 -0.034431 0.13139 -0.022358 -0.22848 0.040318 0.30203 0.81739 0.80176 0.80176 0.81739 0.096633 0.5224 0.51768 0.099084
-0.051783 -0.05392 -0.02169 -0.014588 -0.015875 -0.053685 -0.043224 -0.051783 -0.052262 -0.039663 -0.054389 -0.039663 -0.051783 -0.052023 -0.051543 -0.035882 -0.031057 -0.051303 -0.015245 -0.050577 -0.054155 -0.020259 -0.023476 -0.052976 -0.048862 -0.043224 -0.031057 -0.025149 -0.012478 -0.024325 -0.02169 -0.023476 -0.020746 -0.15453 -0.052023 -0.022599 -0.02474 -0.021223 -0.049109 -0.03173 -0.023904 -0.023904 -0.42233 -0.023904 -0.025552 -0.014588 -0.050577 -0.024325 -0.023904 -0.02474 -0.025949 -0.028233 1 -0.023476 -0.20838 -0.024325 -0.051061 -0.21034 -0.15896 -0.016483 -0.02474 -0.18667 -0.023476 -0.21488 -0.015245 -0.15578 0.02749 -0.075323 -0.02474 -0.024325 -0.024325 -0.02474 -0.04349 -0.0525 -0.052976 -0.046859
-0.026258 -0.029961 -0.026452 -0.017791 -0.01936 -0.029558 -0.010153 -0.026258 -0.027096 -0.04837 -0.03076 -0.04837 -0.026258 -0.026678 -0.025835 -0.057797 -0.037875 -0.02541 0.092735 -0.024119 -0.030361 -0.024706 -0.02863 -0.028337 -0.021013 -0.031433 -0.037875 -0.030669 -0.048713 -0.029665 -0.026452 -0.02863 0.8837 0.15192 -0.063443 -0.02756 -0.030171 -0.025882 -0.059889 0.73987 -0.029152 -0.029152 0.055588 -0.029152 -0.031161 -0.017791 -0.06168 -0.029665 -0.029152 -0.030171 -0.031646 -0.034431 -0.023476 1 0.11266 -0.029665 -0.062271 0.11161 0.14768 -0.020101 -0.030171 0.12577 -0.02863 0.09599 -0.018591 0.1507 0.033525 -0.063034 -0.030171 -0.029665 -0.029665 -0.030171 -0.053038 -0.064026 -0.064605 -0.057146
0.20904 0.22047 0.10409 0.070008 -0.076449 0.21921 0.19984 0.20904 0.21161 0.18219 0.22296 0.18219 0.20904 0.21033 0.20775 0.25951 0.13893 0.20645 0.073158 0.20254 0.22172 -0.21929 0.11266 0.21543 0.20697 0.17708 0.11871 0.12069 0.18359 0.11673 0.089971 0.11266 0.099558 0.73726 0.24965 0.10845 0.11872 0.10185 0.23567 0.15227 0.11471 0.11471 0.49341 0.11471 0.12262 0.070008 0.24272 0.11673 0.11471 0.11872 0.12453 0.13549 -0.20838 0.11266 1 0.10407 0.24504 0.99067 0.74545 0.079099 0.11872 0.88679 0.11266 0.86571 0.073158 0.73891 0.29757 0.042854 0.10626 0.11673 0.11673 0.11872 0.18606 0.25195 0.25423 0.11825
0.41623 0.3819 -0.027409 -0.018434 -0.02006 0.40102 -0.054619 0.41623 0.4123 -0.050119 0.39564 -0.050119 0.41623 0.41425 0.41823 0.31064 -0.039244 0.42025 -0.019263 0.39014 0.39742 -0.025599 -0.029665 0.4241 0.32996 -0.03404 -0.011828 0.63424 -0.050475 0.72514 0.7768 -0.029665 -0.026215 -0.19527 -0.065737 0.78172 0.94942 0.83337 0.34669 -0.040095 0.98269 0.98269 0.057598 0.98269 0.91919 -0.018434 0.46279 0.96564 0.98269 0.94942 -0.03279 0.83167 -0.024325 -0.029665 0.10407 1 0.45836 0.10293 -0.20087 0.6776 0.94942 -0.23587 -0.029665 0.10038 -0.019263 -0.19685 0.034737 0.29507 0.9156 0.93128 0.93128 0.9156 -0.054955 0.42802 0.4241 -0.059212
0.92989 0.89248 -0.057534 0.020286 -0.042109 0.88735 0.80332 0.92989 0.93054 0.75356 0.90271 0.75356 0.92989 0.93487 0.92489 0.6671 -0.067991 0.91987 0.21381 0.90473 0.89761 -0.053736 -0.062271 0.94546 0.89819 0.77092 0.39241 0.33524 0.77075 0.36821 0.40469 -0.062271 -0.055028 -0.40373 -0.13799 0.44259 0.48451 0.39512 0.96176 -0.084165 0.46814 0.46814 0.1209 0.46814 0.48319 0.2857 0.99051 0.47639 0.46814 0.48451 -0.051859 0.55293 -0.051061 -0.062271 0.24504 0.45836 1 0.24275 -0.40307 0.3228 0.48451 0.081376 -0.062271 0.23762 -0.040436 -0.40086 0.072917 0.56088 0.44902 0.47639 0.47639 0.48451 0.81949 0.94479 0.93626 0.76595
0.20658 0.21791 0.10312 0.069355 -0.077718 0.21667 0.19788 0.20658 0.20912 0.18038 0.22039 0.18038 0.20658 0.20785 0.20529 0.25599 0.1375 0.20401 0.072475 0.20012 0.21915 -0.20623 0.11161 0.21291 0.20468 0.17503 0.11721 0.11956 0.18177 0.11564 0.088948 0.11161 0.098629 0.73032 0.24732 0.10744 0.11762 0.1009 0.23347 0.15085 0.11364 0.11364 0.49076 0.11364 0.12148 0.069355 0.24045 0.11564 0.11364 0.11762 0.12337 0.13422 -0.21034 0.11161 0.99067 0.10293 0.24275 1 0.73826 0.078361 0.11762 0.8784 0.11161 0.85548 0.072475 0.73191 0.28903 0.053787 0.1051 0.11564 0.11564 0.11762 0.18403 0.24959 0.25185 0.11577
-0.39086 -0.40959 0.13645 -0.12046 -0.04226 -0.40754 -0.32867 -0.39086 -0.39506 -0.31993 -0.41369 -0.31993 -0.39086 -0.39296 -0.38875 -0.2181 0.091829 -0.38663 -0.051956 -0.3927 -0.41165 -0.16729 0.14768 -0.40133 -0.37146 -0.32867 -0.19056 -0.17337 -0.3223 -0.1065 -0.15281 0.14768 0.13051 0.94793 0.32727 -0.16132 -0.18107 -0.16183 -0.38638 0.19961 -0.19739 -0.19739 0.37639 -0.19739 -0.1772 -0.10117 -0.41141 -0.20087 -0.19739 -0.20429 0.15214 -0.22287 -0.15896 0.14768 0.74545 -0.20087 -0.40307 0.73826 1 -0.13611 -0.18107 0.78872 0.14768 0.62528 0.095901 0.95576 0.227 -0.2918 -0.19268 -0.17727 -0.17727 -0.18107 -0.3521 -0.42747 -0.41939 -0.38033
0.3183 0.30569 -0.018572 -0.012491 -0.013593 0.30703 -0.03701 0.3183 0.31539 -0.03396 0.30305 -0.03396 0.3183 0.31683 0.31978 0.22991 -0.026592 0.32128 -0.013053 0.24678 0.30436 -0.017346 -0.020101 0.31114 0.33733 -0.03701 -0.026592 0.65541 -0.034202 0.6776 0.7599 -0.020101 -0.017763 -0.13232 -0.044544 0.72935 0.66624 0.77664 0.33564 -0.027168 0.68954 0.68954 0.039028 0.68954 0.64507 -0.012491 0.32589 0.6776 0.68954 0.66624 -0.022218 0.5838 -0.016483 -0.020101 0.079099 0.6776 0.3228 0.078361 -0.13611 1 0.66624 -0.15983 -0.020101 0.076705 -0.013053 -0.13339 0.023538 0.21883 0.66624 0.6776 0.6776 0.66624 -0.037238 0.31395 0.31114 -0.040122
