1 0.12481 -0.073447 -0.058081 0.29674 -0.098741 0.073447 -0.03096 0.085603 0.11842 -0.073447 -0.10565 -0.10565 -0.073447 -0.13509 -0.073447 -0.25511 0.072832 -0.10565 -0.072832 -0.13464 0.11926 -0.29687 -0.1394 0.40668 -0.14039 0.40668 0.1037 0.032241 -0.03096 0.18653 0.14992 0.25567 -0.095166 0.24571 -0.1239 -0.23298 -0.11957 -0.09568 -0.061246 0.22707 -0.057484 0.22707 -0.11973 -0.11405 -0.060607 -0.060607 -0.17121 0.22653 0.11125 -0.12984 0.22404 -0.11313 -0.047678 -0.035197 -0.029627 -0.034167 -0.060262 -0.11362 0.047678 -0.067868 -0.029089 0.2006 -0.067289 0.14072 0.066143 -0.03096 -0.1141 0.066143 0.2006 -0.1141 -0.1141 0.20118 -0.018589 -0.018111 -0.018111 0.047678 0.047678 -0.032241 0.045897 0.08433 -0.033332 -0.059603 0.084053 -0.029376 0.077972 -0.053216 -0.024134 0.061598 0.06215 0.048547 0.0072134 -0.059996 -0.018178 -0.018178 -0.0063452 -0.053216 -0.03096 0.0072134 0.051682 -0.015198 0.0056308 0.051682 0.051682 0.051682 0.051099 0.051682 -0.015198 -0.03096 0.057013 -0.024134 0.051682 -0.053216 0.051099 -0.0063452 0.086702 0.048547 -0.0063452 -0.018364 0.049929 0.044552 0.049342 0.054428 0.058288 -0.051476 -0.016204 -0.053116 0.053454 -0.014214 -0.044115 0.052862 0.052862 0.052862 0.052862 0.044917 0.044917 0.052862 0.044917 -0.049858 0.0284 0.052862 0.044917 0.052862 -0.014041 0.052862 0.052862 0.052862 0.052862 0.052862 -0.049858 0.044917 0.0284 -0.049858 -0.049858
0.12481 1 0.038463 0.0913 0.41523 0.16496 -0.10446 0.048668 -0.018738 0.26482 -0.50048 0.15792 0.15792 -0.50048 -0.18019 -0.50048 -0.065659 -0.092328 0.15792 -0.51706 -0.18859 0.45533 0.20011 0.28042 0.23327 0.28188 0.23327 0.58239 -0.0031424 -0.00078655 -0.01926 0.076119 0.35045 -0.59424 0.37424 0.027208 -0.38225 -0.31377 -0.59907 0.14412 0.38502 -0.21347 0.38502 0.020256 0.021065 0.14327 0.14327 -0.02141 0.35854 0.49438 -0.33355 0.35667 0.0070625 -0.18617 -0.3608 0.046572 0.10543 -0.010282 0.0081865 0.18617 -0.19092 0.13062 0.32529 -0.17869 0.025672 0.046065 -0.24806 0.0023764 0.046065 0.32529 0.0023764 0.0023764 0.32443 -0.3608 0.12117 0.12117 0.18617 0.18617 0.050681 0.16471 0.39062 0.11814 0.069429 0.13062 -0.16446 0.2976 0.078227 -0.047002 0.18675 0.18562 0.1483 0.056428 -0.24775 -0.0037196 -0.0037196 -0.0024046 0.078227 -0.050241 0.056428 0.17779 -0.0090562 0.043766 0.17779 0.17779 0.17779 0.17908 0.17779 -0.0090562 -0.050241 0.21353 -0.059988 0.17779 0.078227 0.17908 -0.0024046 0.14072 0.1483 -0.0024046 -0.29454 0.18166 0.18023 0.18296 0.22138 0.2097 0.020258 0.0033679 -0.042536 -0.059496 -0.029097 -0.0064889 -0.015707 -0.015707 -0.015707 -0.015707 -0.088249 -0.088249 -0.015707 -0.088249 -0.0082721 0.07071 -0.015707 -0.088249 -0.015707 0.04552 -0.015707 -0.015707 -0.015707 -0.015707 -0.015707 -0.0082721 -0.088249 0.07071 -0.0082721 -0.0082721
-0.073447 0.038463 1 -0.053727 -0.23936 0.57161 0.067941 -0.028639 0.079185 0.10954 -0.067941 0.58366 0.58366 -0.067941 0.44967 -0.067941 -0.21417 0.067372 0.58366 -0.067372 0.45126 0.055151 0.064675 -0.17973 -0.081965 -0.18057 -0.081965 -0.0045965 -0.0062372 0.0088752 -0.082691 -0.11565 -0.075841 0.0060094 -0.090506 0.21697 0.10176 -0.038023 0.0051328 -0.050026 -0.10021 -0.074597 -0.10021 0.21229 0.21573 -0.049413 -0.049413 0.099333 -0.089068 0.03742 -0.058781 -0.10426 0.22548 -0.044104 -0.063284 0.011757 -0.055996 -0.055745 0.23487 0.044104 -0.042532 -0.051847 -0.088474 -0.041955 -0.17092 0.059102 -0.028639 0.23371 0.059102 -0.088474 0.23371 0.23371 -0.087962 -0.063284 0.1162 0.1162 0.044104 0.044104 -0.029824 0.042456 -0.069827 -0.051872 -0.065709 -0.089488 -0.047245 0.070245 -0.060339 0.022405 -0.1825 -0.18177 0.044907 0.41022 -0.053291 -0.024121 -0.024121 0.11484 -0.060339 0.23396 0.41022 -0.20586 -0.021512 0.40347 -0.20586 -0.20586 -0.20586 -0.20676 -0.20586 -0.021512 0.23396 -0.14467 0.022405 -0.20586 -0.060339 -0.20676 0.11484 -0.14019 0.044907 0.11484 -0.032197 -0.20857 -0.21268 -0.20948 -0.14953 -0.1423 -0.04539 -0.022392 0.0072663 -0.059681 0.03583 0.020091 0.011453 0.011453 0.011453 0.011453 0.030174 0.030174 0.011453 0.030174 0.016157 -0.015448 0.011453 0.030174 0.011453 0.071417 0.011453 0.011453 0.011453 0.011453 0.011453 0.016157 0.030174 -0.015448 0.016157 0.016157
-0.058081 0.0913 -0.053727 1 -0.19573 -0.080454 0.053727 -0.022648 0.062619 0.044396 0.0080672 -0.077287 -0.077287 0.0080672 -0.060126 0.0080672 -0.21449 0.053277 -0.077287 0.0089724 -0.059723 0.09459 -0.23785 -0.13832 0.32721 -0.139 0.32721 0.075858 0.023584 -0.022648 0.12503 0.10105 -0.081964 -0.069615 -0.093448 -0.049706 -0.048531 0.040665 -0.069991 0.11843 0.049766 -0.069615 0.049766 -0.055219 -0.050139 0.11945 0.11945 -0.0068472 0.075741 0.10236 -0.0064673 0.063133 -0.058101 -0.034877 -0.050045 -0.021673 0.12337 -0.044083 -0.058508 0.034877 0.054673 0.10044 0.062718 0.055308 0.087595 0.058924 -0.022648 -0.058914 0.058924 0.062718 -0.058914 -0.058914 0.063133 -0.050045 0.1988 0.1988 0.034877 0.034877 -0.023584 0.033574 -0.030001 -0.063819 0.043898 0.035639 -0.037361 0.066563 0.053032 -0.044604 -0.082795 -0.082274 0.035512 -0.039709 -0.05506 0.021717 0.021717 0.19725 0.053032 -0.022648 -0.039709 -0.072187 0.024604 -0.040278 -0.072187 -0.072187 -0.072187 -0.072769 -0.072187 0.024604 -0.022648 0.082188 -0.044604 -0.072187 0.053032 -0.072769 0.19725 -0.082196 0.035512 0.19725 -0.041944 -0.07394 -0.070452 -0.074529 0.080802 0.082877 0.089695 0.023628 0.15814 -0.0031773 0.044083 0.019271 0.018902 0.018902 0.018902 0.018902 -0.004314 -0.004314 0.018902 -0.004314 0.016237 0.031685 0.018902 -0.004314 0.018902 0.063099 0.018902 0.018902 0.018902 0.018902 0.018902 0.016237 -0.004314 0.031685 0.016237 0.016237
0.29674 0.41523 -0.23936 -0.19573 1 -0.33537 0.21489 0.11571 0.25985 0.30431 -0.23936 -0.33788 -0.33788 -0.23936 -0.43481 -0.23936 0.54198 0.22079 -0.33788 -0.23722 -0.42816 0.31498 0.10056 0.43789 0.089659 0.43751 0.089659 0.2512 0.091023 -0.085998 0.31059 0.32134 0.49904 -0.22877 0.47354 -0.15283 -0.44317 -0.1902 -0.2309 -0.049257 0.43693 -0.2222 0.43693 -0.15956 -0.13884 -0.046572 -0.046572 -0.29963 0.38298 0.30663 -0.32587 0.4164 -0.13299 -0.027549 -0.13504 -0.061557 -0.052001 0.12788 -0.12485 0.027549 -0.1683 -0.039406 0.38659 -0.16113 0.20326 0.15093 -0.10433 -0.12702 0.15093 0.38659 -0.12702 -0.12702 0.38452 -0.13504 0.11334 0.11334 0.027549 0.027549 0.12049 0.016662 0.12921 0.19922 -0.058442 0.16324 -0.058681 0.081995 -0.051988 0.083428 0.23222 0.22973 0.032725 -0.11863 -0.07001 -0.14508 -0.14508 -0.074946 -0.051988 -0.085998 -0.11863 0.15251 -0.13673 -0.12209 0.15251 0.15251 0.15251 0.15052 0.15251 -0.13673 -0.085998 0.11245 0.073798 0.15251 -0.051988 0.15052 -0.074946 0.20935 0.032725 -0.074946 -0.1321 0.15119 0.1492 0.15387 0.11446 0.099972 -0.082893 -0.11591 -0.1155 0.13788 0.057069 0.055161 -0.0011604 -0.0011604 -0.0011604 -0.0011604 0.02086 0.02086 -0.0011604 0.02086 0.040419 -0.023708 -0.0011604 0.02086 -0.0011604 -0.072375 -0.0011604 -0.0011604 -0.0011604 -0.0011604 -0.0011604 0.040419 0.02086 -0.023708 0.040419 0.040419
-0.098741 0.16496 0.57161 -0.080454 -0.33537 1 0.10174 -0.042886 0.10802 0.16403 -0.10174 0.80887 0.80887 -0.10174 0.61843 -0.10174 -0.30043 0.088774 0.79994 -0.10089 0.60561 0.12492 0.17132 -0.18307 -0.099161 -0.18445 -0.099161 0.12554 0.018675 -0.015854 -0.23145 -0.27913 -0.13416 -0.12214 -0.12662 0.40181 0.14348 -0.13226 -0.1229 -0.051164 -0.1353 -0.083421 -0.1353 0.3687 0.38388 -0.050166 -0.050166 0.20868 -0.14167 0.13489 -0.12629 -0.14677 0.37129 -0.066043 -0.081966 -0.01282 -0.043743 -0.069125 0.37709 0.066043 -0.083372 -0.045378 -0.15341 -0.082548 -0.2912 0.06716 -0.042886 0.3753 0.06716 -0.15341 0.3753 0.3753 -0.15264 -0.081966 0.02585 0.02585 0.066043 0.066043 -0.04466 0.063576 0.024317 -0.058524 0.16182 -0.15678 -0.020579 0.06583 0.12826 -0.070265 -0.12564 -0.12468 0.067247 0.28818 -0.033638 0.029945 0.029945 0.053619 0.12826 0.14634 0.28818 -0.1099 0.011806 0.28235 -0.1099 -0.1099 -0.1099 -0.11096 -0.1099 0.011806 0.14634 -0.083217 -0.070265 -0.1099 0.12826 -0.11096 0.053619 -0.12404 0.067247 0.053619 -0.049387 -0.099314 -0.09989 -0.10037 -0.07155 -0.063516 0.061023 -0.0014196 0.013461 -0.14274 0.040425 0.014439 -9.1407e-05 -9.1407e-05 -9.1407e-05 -9.1407e-05 -0.030361 -0.030361 -9.1407e-05 -0.030361 0.028078 0.031951 -9.1407e-05 -0.030361 -9.1407e-05 0.036435 -9.1407e-05 -9.1407e-05 -9.1407e-05 -9.1407e-05 -9.1407e-05 0.028078 -0.030361 0.031951 0.028078 0.028078
0.073447 -0.10446 0.067941 0.053727 0.21489 0.10174 1 0.028639 0.81406 0.59743 0.067941 0.097733 0.097733 0.067941 0.12496 0.067941 0.26308 0.95801 0.085344 0.067372 0.11408 -0.10887 -0.18279 0.17973 0.13882 0.18057 0.13882 -0.083361 -0.029824 0.028639 0.28064 0.37408 0.22348 0.074597 0.090506 0.081457 -0.093612 0.11503 0.07513 0.074551 0.092067 -0.43591 0.092067 0.087868 0.081958 0.086326 0.086326 -0.14079 0.072699 0.2693 -0.17959 0.087962 0.091239 0.019345 0.063284 0.027406 0.09162 0.055745 0.091716 -0.019345 0.11537 0.088271 0.080324 0.11494 0.23596 0.52652 0.028639 0.092192 0.52652 0.080324 0.092192 0.092192 0.079811 0.063284 0.073525 0.073525 -0.019345 -0.019345 0.029824 -0.016788 -0.15253 0.080702 0.080199 -0.10789 0.047245 -0.070245 0.075568 0.056404 -0.083323 -0.08381 -0.020566 0.006364 0.069626 -0.039486 -0.039486 0.074062 0.075568 0.028639 0.006364 -0.10858 -0.043379 0.0076572 -0.10858 -0.10858 -0.10858 -0.10813 -0.10858 -0.043379 0.028639 -0.068416 0.056404 -0.10858 0.075568 -0.10813 0.074062 -0.13902 -0.020566 0.074062 0.032197 -0.10722 -0.10994 -0.10677 -0.066221 -0.057735 0.055692 -0.042062 0.065109 -0.061012 0.043828 -0.020091 0.061469 0.061469 0.061469 0.061469 0.044104 0.044104 0.061469 0.044104 -0.016157 0.04161 0.061469 0.044104 0.061469 -0.14499 0.061469 0.061469 0.061469 0.061469 0.061469 -0.016157 0.044104 0.04161 -0.016157 -0.016157
-0.03096 0.048668 -0.028639 -0.022648 0.11571 -0.042886 0.028639 1 0.033379 0.046175 -0.028639 -0.041198 -0.041198 -0.028639 -0.052674 -0.028639 0.10559 0.0284 -0.041198 -0.0284 -0.052502 0.050422 0.084164 0.15209 -0.062511 0.15142 -0.062511 0.040436 0.012572 -0.012072 0.093782 0.071453 0.12362 -0.037108 0.11664 -0.048314 -0.11164 -0.03902 -0.037309 -0.041764 0.1123 -0.037108 0.1123 -0.050596 -0.048491 -0.041576 -0.041576 -0.090944 0.10275 0.054562 -0.073158 0.11411 -0.051811 -0.018591 -0.026677 -0.011553 -0.043626 -0.023498 -0.051984 0.018591 -0.053019 -0.042327 0.11388 -0.052847 0.065034 0.03141 -0.012072 -0.052157 0.03141 0.11388 -0.052157 -0.052157 0.11411 -0.026677 0.29843 0.29843 0.018591 0.018591 0.79814 0.017897 -0.12816 -0.0016107 -0.033806 0.05796 -0.019916 0.035481 -0.031854 0.41917 0.052554 0.052743 0.01893 -0.021167 -0.02935 -0.030278 -0.030278 -0.0065734 -0.031854 -0.012072 -0.021167 0.040416 -0.029584 -0.02147 0.040416 0.040416 0.040416 0.040218 0.040416 -0.029584 -0.012072 0.04381 0.41917 0.040416 -0.031854 0.040218 -0.0065734 -0.10641 0.01893 -0.0065734 -0.022358 0.03982 0.041011 0.03962 0.043072 0.044178 0.17775 -0.029816 -0.015581 0.048844 -0.021273 0.0065734 -0.025911 -0.025911 -0.025911 -0.025911 -0.018591 -0.018591 -0.025911 -0.018591 0.004872 -0.01754 -0.025911 -0.018591 -0.025911 -0.082471 -0.025911 -0.025911 -0.025911 -0.025911 -0.025911 0.004872 -0.018591 -0.01754 0.004872 0.004872
0.085603 -0.018738 0.079185 0.062619 0.25985 0.10802 0.81406 0.033379 1 0.69287 -0.081893 0.10304 0.10304 -0.081893 0.035617 -0.081893 0.30897 0.85081 0.11391 -0.068991 0.053289 -0.02627 -0.14386 0.21948 0.16452 0.22045 0.16452 0.0094923 0.25005 -0.22999 0.34145 0.43587 0.26283 0.090812 0.15013 0.10449 -0.15602 0.10859 0.079677 0.061669 0.16138 -0.4633 0.16138 0.027006 0.095372 0.071763 0.071763 -0.21423 0.13187 0.34261 -0.24708 0.14946 0.10619 0.007948 -0.050949 -0.243 0.089361 0.047495 0.10675 -0.007948 0.1192 0.085067 0.1429 0.11867 0.18711 0.46765 -0.032463 0.10731 0.46765 0.1429 0.10731 0.10731 0.14231 -0.050949 0.10149 0.10149 -0.007948 -0.007948 0.03476 -0.0044333 -0.12045 -0.0071424 0.068041 -0.047668 -0.0060328 0.011894 0.074711 0.065739 -0.029318 -0.029947 -0.0096186 0.020044 -0.019194 -1.3872e-05 -1.3872e-05 0.042843 0.074711 0.033379 0.020044 -0.037188 -0.0036228 0.021386 -0.037188 -0.037188 -0.037188 -0.036533 -0.037188 -0.0036228 0.033379 -0.0068569 0.065739 -0.037188 0.074711 -0.036533 0.042843 -0.094353 -0.0096186 0.042843 0.043528 -0.035219 -0.022489 -0.034559 -0.0033876 0.0017655 0.085677 -0.0024036 0.022792 -0.067649 0.02241 -0.0073209 0.023648 0.023648 0.023648 0.023648 0.029676 0.029676 0.023648 0.029676 -0.0023712 0.0025789 0.023648 0.029676 0.023648 -0.12292 0.023648 0.023648 0.023648 0.023648 0.023648 -0.0023712 0.029676 0.0025789 -0.0023712 -0.0023712
0.11842 0.26482 0.10954 0.044396 0.30431 0.16403 0.59743 0.046175 0.69287 1 -0.62024 0.15757 0.15757 -0.62024 -0.25546 -0.62024 0.36489 0.60356 0.14911 -0.60356 -0.24991 -0.10475 -0.17201 0.30361 0.14844 0.30495 0.14844 -0.051622 0.22298 -0.21018 0.47545 0.54879 0.36232 0.13275 0.28437 0.02618 -0.29114 0.11362 0.12442 0.025664 0.29424 -0.60168 0.29424 -0.040894 0.019712 0.032897 0.032897 -0.37741 0.26367 0.4201 -0.35365 0.29326 0.032235 0.0034309 -0.40779 -0.16991 -0.003541 0.076268 0.033248 -0.0034309 0.096127 0.037442 0.2885 0.095253 0.16397 0.32218 -0.23582 0.034256 0.32218 0.2885 0.034256 0.034256 0.28769 -0.40779 0.14039 0.14039 -0.0034309 -0.0034309 0.048084 -0.033371 0.029296 0.031608 -0.029124 0.14249 -0.16171 0.20691 -0.023854 0.077475 0.14665 0.14561 -0.039136 0.036012 -0.26726 -0.02546 -0.02546 -0.024801 -0.023854 -0.056368 0.036012 0.14114 -0.030966 0.03776 0.14114 0.14114 0.14114 0.14232 0.14114 -0.030966 -0.056368 0.15602 0.077475 0.14114 -0.023854 0.14232 -0.024801 0.11844 -0.039136 -0.024801 0.071273 0.14469 0.1506 0.14588 0.16288 0.16071 0.015977 -0.029104 -0.10046 -0.021867 0.0053839 -0.039741 0.061732 0.061732 0.061732 0.061732 0.037269 0.037269 0.061732 0.037269 -0.042992 0.049209 0.061732 0.037269 0.061732 -0.11148 0.061732 0.061732 0.061732 0.061732 0.061732 -0.042992 0.037269 0.049209 -0.042992 -0.042992
-0.073447 -0.50048 -0.067941 0.0080672 -0.23936 -0.10174 0.067941 -0.028639 -0.081893 -0.62024 1 -0.097733 -0.097733 1 0.5437 1 -0.27123 0.067372 -0.097733 0.97482 0.52455 0.11961 0.19122 -0.18831 -0.13882 -0.18914 -0.13882 0.095926 0.029824 -0.028639 -0.29713 -0.38299 -0.22348 -0.088032 -0.23739 0.084336 0.24025 -0.12465 -0.07513 -0.086814 -0.23872 0.47622 -0.23872 0.072929 0.083427 -0.086326 -0.086326 0.29004 -0.22002 -0.29997 0.20607 -0.24284 0.07768 -0.019345 0.68278 -0.027406 -0.020373 -0.03583 0.076845 0.019345 -0.11537 -0.088271 -0.24334 -0.11494 -0.03155 0.059102 0.38402 0.076015 0.059102 -0.24334 0.076015 0.076015 -0.24284 0.68278 -0.087076 -0.087076 0.019345 0.019345 -0.029824 0.016788 -0.24771 -0.051872 -0.022239 -0.23752 0.30087 -0.40328 -0.045111 -0.036702 -0.30655 -0.30571 0.020566 -0.028289 0.48576 0.023584 0.023584 0.060865 -0.045111 0.12142 -0.028289 -0.30114 0.027156 -0.029295 -0.30114 -0.30114 -0.30114 -0.30218 -0.30114 0.027156 0.12142 -0.32224 -0.036702 -0.30114 -0.045111 -0.30218 0.060865 -0.23053 0.020566 0.060865 -0.05304 -0.30426 -0.29807 -0.30531 -0.32932 -0.3188 -0.035087 0.0098346 0.20027 0.071984 0.015916 0.0065988 -0.0067775 -0.0067775 -0.0067775 -0.0067775 0.0054145 0.0054145 -0.0067775 0.0054145 0.016157 -0.015448 -0.0067775 0.0054145 -0.0067775 -0.043039 -0.0067775 -0.0067775 -0.0067775 -0.0067775 -0.0067775 0.016157 0.0054145 -0.015448 0.016157 0.016157
-0.10565 0.15792 0.58366 -0.077287 -0.33788 0.80887 0.097733 -0.041198 0.10304 0.15757 -0.097733 1 1 -0.097733 0.78212 -0.097733 -0.39017 0.084435 0.9908 -0.096915 0.76914 0.17207 0.20578 -0.26452 -0.15001 -0.26572 -0.15001 0.11 0.016128 -0.013345 -0.29845 -0.39132 -0.21148 -0.10669 -0.20176 0.53266 0.21178 -0.16413 -0.10745 -0.1061 -0.20352 -0.086736 -0.20352 0.49589 0.51396 -0.10534 -0.10534 0.26832 -0.17598 0.13306 -0.171 -0.19764 0.48162 -0.063443 -0.077847 -0.010347 -0.11361 -0.065404 0.47181 0.063443 -0.13458 -0.10839 -0.18627 -0.13389 -0.37134 0.072861 -0.041198 0.46986 0.072861 -0.18627 0.46986 0.46986 -0.18554 -0.077847 0.035726 0.035726 0.063443 0.063443 -0.042902 0.061073 0.027084 -0.094685 0.16434 -0.21254 -0.016271 0.05904 0.12873 -0.066509 -0.10135 -0.10045 0.064599 0.28589 -0.02739 -0.020679 -0.020679 0.05437 0.12873 0.15377 0.28589 -0.1144 -0.016642 0.28017 -0.1144 -0.1144 -0.1144 -0.11544 -0.1144 -0.016642 0.15377 -0.087805 -0.066509 -0.1144 0.12873 -0.11544 0.05437 -0.15785 0.064599 0.05437 -0.060824 -0.10331 -0.10427 -0.10434 -0.075491 -0.06765 0.045622 -0.018005 0.051314 -0.19175 0.035832 -0.0042819 0.033394 0.033394 0.033394 0.033394 -0.026678 -0.026678 0.033394 -0.026678 -0.00044806 0.076114 0.033394 -0.026678 0.033394 0.062521 0.033394 0.033394 0.033394 0.033394 0.033394 -0.00044806 -0.026678 0.076114 -0.00044806 -0.00044806
-0.10565 0.15792 0.58366 -0.077287 -0.33788 0.80887 0.097733 -0.041198 0.10304 0.15757 -0.097733 1 1 -0.097733 0.78212 -0.097733 -0.39017 0.084435 0.9908 -0.096915 0.76914 0.17207 0.20578 -0.26452 -0.15001 -0.26572 -0.15001 0.11 0.016128 -0.013345 -0.29845 -0.39132 -0.21148 -0.10669 -0.20176 0.53266 0.21178 -0.16413 -0.10745 -0.1061 -0.20352 -0.086736 -0.20352 0.49589 0.51396 -0.10534 -0.10534 0.26832 -0.17598 0.13306 -0.171 -0.19764 0.48162 -0.063443 -0.077847 -0.010347 -0.11361 -0.065404 0.47181 0.063443 -0.13458 -0.10839 -0.18627 -0.13389 -0.37134 0.072861 -0.041198 0.46986 0.072861 -0.18627 0.46986 0.46986 -0.18554 -0.077847 0.035726 0.035726 0.063443 0.063443 -0.042902 0.061073 0.027084 -0.094685 0.16434 -0.21254 -0.016271 0.05904 0.12873 -0.066509 -0.10135 -0.10045 0.064599 0.28589 -0.02739 -0.020679 -0.020679 0.05437 0.12873 0.15377 0.28589 -0.1144 -0.016642 0.28017 -0.1144 -0.1144 -0.1144 -0.11544 -0.1144 -0.016642 0.15377 -0.087805 -0.066509 -0.1144 0.12873 -0.11544 0.05437 -0.15785 0.064599 0.05437 -0.060824 -0.10331 -0.10427 -0.10434 -0.075491 -0.06765 0.045622 -0.018005 0.051314 -0.19175 0.035832 -0.0042819 0.033394 0.033394 0.033394 0.033394 -0.026678 -0.026678 0.033394 -0.026678 -0.00044806 0.076114 0.033394 -0.026678 0.033394 0.062521 0.033394 0.033394 0.033394 0.033394 0.033394 -0.00044806 -0.026678 0.076114 -0.00044806 -0.00044806
-0.073447 -0.50048 -0.067941 0.0080672 -0.23936 -0.10174 0.067941 -0.028639 -0.081893 -0.62024 1 -0.097733 -0.097733 1 0.5437 1 -0.27123 0.067372 -0.097733 0.97482 0.52455 0.11961 0.19122 -0.18831 -0.13882 -0.18914 -0.13882 0.095926 0.029824 -0.028639 -0.29713 -0.38299 -0.22348 -0.088032 -0.23739 0.084336 0.24025 -0.12465 -0.07513 -0.086814 -0.23872 0.47622 -0.23872 0.072929 0.083427 -0.086326 -0.086326 0.29004 -0.22002 -0.29997 0.20607 -0.24284 0.07768 -0.019345 0.68278 -0.027406 -0.020373 -0.03583 0.076845 0.019345 -0.11537 -0.088271 -0.24334 -0.11494 -0.03155 0.059102 0.38402 0.076015 0.059102 -0.24334 0.076015 0.076015 -0.24284 0.68278 -0.087076 -0.087076 0.019345 0.019345 -0.029824 0.016788 -0.24771 -0.051872 -0.022239 -0.23752 0.30087 -0.40328 -0.045111 -0.036702 -0.30655 -0.30571 0.020566 -0.028289 0.48576 0.023584 0.023584 0.060865 -0.045111 0.12142 -0.028289 -0.30114 0.027156 -0.029295 -0.30114 -0.30114 -0.30114 -0.30218 -0.30114 0.027156 0.12142 -0.32224 -0.036702 -0.30114 -0.045111 -0.30218 0.060865 -0.23053 0.020566 0.060865 -0.05304 -0.30426 -0.29807 -0.30531 -0.32932 -0.3188 -0.035087 0.0098346 0.20027 0.071984 0.015916 0.0065988 -0.0067775 -0.0067775 -0.0067775 -0.0067775 0.0054145 0.0054145 -0.0067775 0.0054145 0.016157 -0.015448 -0.0067775 0.0054145 -0.0067775 -0.043039 -0.0067775 -0.0067775 -0.0067775 -0.0067775 -0.0067775 0.016157 0.0054145 -0.015448 0.016157 0.016157
-0.13509 -0.18019 0.44967 -0.060126 -0.43481 0.61843 0.12496 -0.052674 0.035617 -0.25546 0.5437 0.78212 0.78212 0.5437 1 0.5437 -0.49886 0.11339 0.77436 0.52863 0.97706 0.22 0.29327 -0.34097 -0.21342 -0.34251 -0.21342 0.15283 0.032274 -0.029186 -0.43773 -0.5698 -0.31827 -0.14509 -0.31878 0.502 0.32902 -0.21646 -0.13766 -0.14384 -0.3211 0.22502 -0.3211 0.46386 0.48567 -0.14288 -0.14288 0.40788 -0.28616 -0.075609 -0.015177 -0.31872 0.45479 -0.065615 0.36186 -0.025886 -0.10857 -0.07759 0.446 0.065615 -0.18573 -0.14667 -0.30945 -0.18488 -0.33291 0.098449 0.2057 0.44384 0.098449 -0.30945 0.44384 0.44384 -0.30851 0.36186 -0.024393 -0.024393 0.065615 0.065615 -0.054853 0.062015 -0.13226 -0.11233 0.12467 -0.32795 0.17466 -0.20271 0.080318 -0.079068 -0.27741 -0.27612 0.067355 0.22339 0.28104 -0.0026722 -0.0026722 0.08396 0.080318 0.2057 0.22339 -0.28503 0.0029685 0.21793 -0.28503 -0.28503 -0.28503 -0.28655 -0.28503 0.0029685 0.2057 -0.27581 -0.079068 -0.28503 0.080318 -0.28655 0.08396 -0.27745 0.067355 0.08396 -0.084503 -0.27763 -0.27457 -0.27915 -0.26985 -0.25666 0.016505 -0.0090259 0.16867 -0.11664 0.040183 0.00052066 0.023918 0.023918 0.023918 0.023918 -0.019108 -0.019108 0.023918 -0.019108 0.0097384 0.054516 0.023918 -0.019108 0.023918 0.025777 0.023918 0.023918 0.023918 0.023918 0.023918 0.0097384 -0.019108 0.054516 0.0097384 0.0097384
-0.073447 -0.50048 -0.067941 0.0080672 -0.23936 -0.10174 0.067941 -0.028639 -0.081893 -0.62024 1 -0.097733 -0.097733 1 0.5437 1 -0.27123 0.067372 -0.097733 0.97482 0.52455 0.11961 0.19122 -0.18831 -0.13882 -0.18914 -0.13882 0.095926 0.029824 -0.028639 -0.29713 -0.38299 -0.22348 -0.088032 -0.23739 0.084336 0.24025 -0.12465 -0.07513 -0.086814 -0.23872 0.47622 -0.23872 0.072929 0.083427 -0.086326 -0.086326 0.29004 -0.22002 -0.29997 0.20607 -0.24284 0.07768 -0.019345 0.68278 -0.027406 -0.020373 -0.03583 0.076845 0.019345 -0.11537 -0.088271 -0.24334 -0.11494 -0.03155 0.059102 0.38402 0.076015 0.059102 -0.24334 0.076015 0.076015 -0.24284 0.68278 -0.087076 -0.087076 0.019345 0.019345 -0.029824 0.016788 -0.24771 -0.051872 -0.022239 -0.23752 0.30087 -0.40328 -0.045111 -0.036702 -0.30655 -0.30571 0.020566 -0.028289 0.48576 0.023584 0.023584 0.060865 -0.045111 0.12142 -0.028289 -0.30114 0.027156 -0.029295 -0.30114 -0.30114 -0.30114 -0.30218 -0.30114 0.027156 0.12142 -0.32224 -0.036702 -0.30114 -0.045111 -0.30218 0.060865 -0.23053 0.020566 0.060865 -0.05304 -0.30426 -0.29807 -0.30531 -0.32932 -0.3188 -0.035087 0.0098346 0.20027 0.071984 0.015916 0.0065988 -0.0067775 -0.0067775 -0.0067775 -0.0067775 0.0054145 0.0054145 -0.0067775 0.0054145 0.016157 -0.015448 -0.0067775 0.0054145 -0.0067775 -0.043039 -0.0067775 -0.0067775 -0.0067775 -0.0067775 -0.0067775 0.016157 0.0054145 -0.015448 0.016157 0.016157
-0.25511 -0.065659 -0.21417 -0.21449 0.54198 -0.30043 0.26308 0.10559 0.30897 0.36489 -0.27123 -0.39017 -0.39017 -0.27123 -0.49886 -0.27123 1 0.26896 -0.39017 -0.26075 -0.487 -0.07884 0.088183 0.49309 -0.27724 0.49224 -0.27724 -0.25545 0.10145 -0.096007 0.42481 0.41115 0.28519 0.27862 0.23558 -0.16599 -0.20161 0.12145 0.27403 -0.10798 0.20784 -0.25299 0.20784 -0.19114 -0.16838 -0.10522 -0.10522 -0.37927 0.15183 0.047231 -0.14079 0.20858 -0.15028 0.11422 -0.16586 -0.071147 -0.12892 0.18607 -0.14749 -0.11422 0.016382 -0.11616 0.23038 0.019063 0.17561 0.071606 -0.096007 -0.14985 0.071606 0.23038 -0.14985 -0.14985 0.23247 -0.17454 0.069462 0.069462 -0.11422 -0.11422 0.10996 -0.13145 -0.045692 0.16374 -0.08657 0.15358 -0.0639 0.0094482 -0.071054 0.1117 0.24485 0.24255 -0.118 -0.16833 -0.08644 -0.17022 -0.17022 -0.11883 -0.071054 -0.096007 -0.16833 0.16205 -0.1613 -0.17162 0.16205 0.16205 0.16205 0.15985 0.16205 -0.1613 -0.096007 0.091049 0.1117 0.16205 -0.071054 0.15985 -0.11883 0.22959 -0.118 -0.11883 0.11409 0.16012 0.15933 0.1626 0.09172 0.079233 -0.097527 -0.14068 -0.14511 0.03377 -0.049863 0.00018346 -0.022743 -0.022743 -0.022743 -0.022743 0.029554 0.029554 -0.022743 0.029554 -0.017334 -0.063868 -0.022743 0.029554 -0.022743 -0.088446 -0.022743 -0.022743 -0.022743 -0.022743 -0.022743 -0.017334 0.029554 -0.063868 -0.017334 -0.017334
0.072832 -0.092328 0.067372 0.053277 0.22079 0.088774 0.95801 0.0284 0.85081 0.60356 0.067372 0.084435 0.084435 0.067372 0.11339 0.067372 0.26896 1 0.096915 0.066808 0.12351 -0.10779 -0.18949 0.18673 0.14705 0.18756 0.14705 -0.082466 -0.029574 0.0284 0.29452 0.38848 0.22974 0.073761 0.095528 0.091388 -0.09847 0.11361 0.074291 0.073541 0.10515 -0.45404 0.10515 0.086627 0.080752 0.085409 0.085409 -0.15358 0.086004 0.28362 -0.19254 0.10108 0.089976 0.018793 0.062755 0.027177 0.090666 0.055278 0.090451 -0.018793 0.11424 0.087341 0.093379 0.11381 0.24949 0.5471 0.0284 0.090924 0.5471 0.093379 0.090924 0.090924 0.092871 0.062755 0.086348 0.086348 -0.018793 -0.018793 0.029574 -0.016244 -0.15993 0.080027 0.079527 -0.096581 0.04685 -0.069438 0.074936 0.055932 -0.099084 -0.099551 -0.020011 0.0056205 0.069043 -0.024888 -0.024888 0.086822 0.074936 0.0284 0.0056205 -0.11667 -0.028461 0.006912 -0.11667 -0.11667 -0.11667 -0.11624 -0.11667 -0.028461 0.0284 -0.067285 0.055932 -0.11667 0.074936 -0.11624 0.086822 -0.14471 -0.020011 0.086822 0.0316 -0.11536 -0.11798 -0.11493 -0.0651 -0.056511 0.06447 -0.027253 0.076146 -0.059638 0.045028 -0.018861 0.060955 0.060955 0.060955 0.060955 0.043734 0.043734 0.060955 0.043734 -0.014936 0.041262 0.060955 0.043734 0.060955 -0.14983 0.060955 0.060955 0.060955 0.060955 0.060955 -0.014936 0.043734 0.041262 -0.014936 -0.014936
-0.10565 0.15792 0.58366 -0.077287 -0.33788 0.79994 0.085344 -0.041198 0.11391 0.14911 -0.097733 0.9908 0.9908 -0.097733 0.77436 -0.097733 -0.39017 0.096915 1 -0.096915 0.77692 0.17207 0.20578 -0.26452 -0.15001 -0.26572 -0.15001 0.11 0.016128 -0.013345 -0.29845 -0.39132 -0.21148 -0.10669 -0.20176 0.54086 0.21178 -0.16413 -0.10745 -0.1061 -0.20352 -0.096711 -0.20352 0.50385 0.52215 -0.10534 -0.10534 0.26832 -0.17598 0.14065 -0.17755 -0.19764 0.48946 -0.063443 -0.077847 -0.010347 -0.11361 -0.065404 0.47963 0.063443 -0.13458 -0.10839 -0.18627 -0.13389 -0.37134 0.084303 -0.041198 0.47767 0.084303 -0.18627 0.47767 0.47767 -0.18554 -0.077847 0.035726 0.035726 0.063443 0.063443 -0.042902 0.061073 0.027084 -0.094685 0.16434 -0.21254 -0.016271 0.05904 0.12873 -0.066509 -0.10793 -0.10702 0.064599 0.28589 -0.02739 -0.0088724 -0.0088724 0.05437 0.12873 0.15377 0.28589 -0.1144 -0.0045976 0.28017 -0.1144 -0.1144 -0.1144 -0.11544 -0.1144 -0.0045976 0.15377 -0.087805 -0.066509 -0.1144 0.12873 -0.11544 0.05437 -0.16395 0.064599 0.05437 -0.060824 -0.10331 -0.10427 -0.10434 -0.075491 -0.06765 0.053272 -0.0060412 0.051314 -0.19175 0.035832 -0.0042819 0.033394 0.033394 0.033394 0.033394 -0.026678 -0.026678 0.033394 -0.026678 -0.00044806 0.076114 0.033394 -0.026678 0.033394 0.056451 0.033394 0.033394 0.033394 0.033394 0.033394 -0.00044806 -0.026678 0.076114 -0.00044806 -0.00044806
-0.072832 -0.51706 -0.067372 0.0089724 -0.23722 -0.10089 0.067372 -0.0284 -0.068991 -0.60356 0.97482 -0.096915 -0.096915 0.97482 0.52863 0.97482 -0.26075 0.066808 -0.096915 1 0.54092 0.11861 0.18949 -0.18673 -0.13751 -0.18756 -0.13751 0.095124 0.029574 -0.0284 -0.29452 -0.3795 -0.22148 -0.087295 -0.23527 0.075627 0.23798 -0.12331 -0.074291 -0.085894 -0.23647 0.48111 -0.23647 0.064557 0.074745 -0.085409 -0.085409 0.28722 -0.22616 -0.30422 0.21033 -0.24068 0.069552 -0.018793 0.68881 -0.027177 -0.018894 -0.055278 0.06874 0.018793 -0.11424 -0.087341 -0.24117 -0.11381 -0.024851 0.058364 0.42509 0.067933 0.058364 -0.24117 0.067933 0.067933 -0.24068 0.68881 -0.086348 -0.086348 0.018793 0.018793 -0.029574 0.016244 -0.25222 -0.050984 -0.021141 -0.25138 0.32721 -0.4216 -0.044254 -0.036084 -0.32044 -0.31959 0.020011 -0.027707 0.50689 0.024888 0.024888 0.062691 -0.044254 0.12276 -0.027707 -0.31527 0.028461 -0.02871 -0.31527 -0.31527 -0.31527 -0.31632 -0.31527 0.028461 0.12276 -0.33818 -0.036084 -0.31527 -0.044254 -0.31632 0.062691 -0.24411 0.020011 0.062691 -0.052596 -0.31843 -0.31216 -0.3195 -0.34543 -0.33466 -0.033334 0.01102 0.21549 0.070691 0.015156 0.018861 -0.024225 -0.024225 -0.024225 -0.024225 0.0061486 0.0061486 -0.024225 0.0061486 0.028836 -0.041262 -0.024225 0.0061486 -0.024225 -0.047826 -0.024225 -0.024225 -0.024225 -0.024225 -0.024225 0.028836 0.0061486 -0.041262 0.028836 0.028836
-0.13464 -0.18859 0.45126 -0.059723 -0.42816 0.60561 0.11408 -0.052502 0.053289 -0.24991 0.52455 0.76914 0.76914 0.52455 0.97706 0.52455 -0.487 0.12351 0.77692 0.54092 1 0.21928 0.29192 -0.33983 -0.21241 -0.34136 -0.21241 0.1522 0.032048 -0.028965 -0.43564 -0.56704 -0.31665 -0.14452 -0.31703 0.50416 0.32718 -0.21549 -0.13707 -0.14316 -0.31926 0.21792 -0.31926 0.46599 0.4878 -0.14221 -0.14221 0.40563 -0.28957 -0.070618 -0.019045 -0.31692 0.45693 -0.065317 0.36322 -0.02567 -0.10778 -0.089698 0.44813 0.065317 -0.18487 -0.14599 -0.30762 -0.18403 -0.32928 0.10759 0.22994 0.44596 0.10759 -0.30762 0.44596 0.44596 -0.30669 0.36322 -0.023589 -0.023589 0.065317 0.065317 -0.054673 0.061727 -0.13978 -0.11177 0.12571 -0.32998 0.19004 -0.21269 0.081224 -0.078678 -0.29078 -0.28948 0.067053 0.21058 0.29255 0.0080034 0.0080034 0.093457 0.081224 0.20641 0.21058 -0.29303 0.013841 0.2053 -0.29303 -0.29303 -0.29303 -0.29456 -0.29303 0.013841 0.20641 -0.2774 -0.078678 -0.29303 0.081224 -0.29456 0.093457 -0.29058 0.067053 0.093457 -0.084157 -0.28563 -0.28253 -0.28716 -0.27141 -0.25822 0.024256 0.0017587 0.17757 -0.11801 0.039719 0.0081289 0.013132 0.013132 0.013132 0.013132 -0.018715 -0.018715 0.013132 -0.018715 0.017581 0.038622 0.013132 -0.018715 0.013132 0.017917 0.013132 0.013132 0.013132 0.013132 0.013132 0.017581 -0.018715 0.038622 0.017581 0.017581
0.11926 0.45533 0.055151 0.09459 0.31498 0.12492 -0.10887 0.050422 -0.02627 -0.10475 0.11961 0.17207 0.17207 0.11961 0.22 0.11961 -0.07884 -0.10779 0.17207 0.11861 0.21928 1 0.57193 0.29839 -0.080575 0.2999 -0.080575 0.72106 0.2029 -0.19112 -0.041196 -0.22384 0.34452 -0.64946 0.35875 0.14486 -0.37823 -0.62669 -0.64519 -0.21245 0.37553 0.14634 0.37553 0.087079 0.14574 -0.21455 -0.21455 0.016807 0.35294 0.3185 -0.37089 0.35266 0.11443 -0.32089 0.09998 -0.15347 -0.19242 -0.0044355 0.10858 0.32089 -0.45523 -0.20626 0.31681 -0.45061 -0.020356 0.11688 0.050422 0.10277 0.11688 0.31681 0.10277 0.10277 0.31592 0.09998 0.12713 0.12713 0.32089 0.32089 0.052507 0.30536 0.227 0.06783 0.029241 0.0057416 0.053294 0.084957 0.01538 -0.065609 0.14231 0.14118 0.29707 0.074289 0.10155 -0.22166 -0.22166 0.023834 0.01538 0.050422 0.074289 0.0055375 -0.21069 0.061808 0.0055375 0.0055375 0.0055375 0.0066141 0.0055375 -0.21069 0.050422 0.030443 -0.078295 0.0055375 0.01538 0.0066141 0.023834 0.13025 0.29707 0.023834 -0.28239 0.0087767 0.014545 0.0036924 0.036193 0.027624 -0.13983 -0.19709 0.077373 0.022064 -0.046854 -0.0064595 -0.020897 -0.020897 -0.020897 -0.020897 -0.049885 -0.049885 -0.020897 -0.049885 -0.016647 0.022722 -0.020897 -0.049885 -0.020897 -0.0051592 -0.020897 -0.020897 -0.020897 -0.020897 -0.020897 -0.016647 -0.049885 0.022722 -0.016647 -0.016647
-0.29687 0.20011 0.064675 -0.23785 0.10056 0.17132 -0.18279 0.084164 -0.14386 -0.17201 0.19122 0.20578 0.20578 0.19122 0.29327 0.19122 0.088183 -0.18949 0.20578 0.18949 0.29192 0.57193 1 0.54906 -0.74274 0.54718 -0.74274 0.46774 0.11291 -0.10551 -0.099193 -0.43056 0.25787 -0.42053 0.29666 0.26977 -0.25142 -0.67208 -0.41624 -0.46523 0.25923 0.24512 0.25923 0.21724 0.25444 -0.46911 -0.46911 -0.0073758 0.20227 0.090013 -0.36931 0.22244 0.22776 -0.18334 0.15903 -0.077863 -0.41629 0.053065 0.2186 0.18334 -0.56682 -0.44153 0.20746 -0.55937 -0.20441 -0.024181 0.084164 0.21479 -0.024181 0.20746 0.21479 0.21479 0.21007 0.15005 -0.025023 -0.025023 0.18334 0.18334 0.087644 0.17371 0.1875 0.13513 -0.13794 0.059965 0.091908 0.0061315 -0.1629 -0.033468 0.07713 0.07988 0.16339 0.092142 0.10551 -0.11855 -0.11855 -0.070144 -0.1629 0.065197 0.092142 0.012106 -0.10544 0.08404 0.012106 0.012106 0.012106 0.0090829 0.012106 -0.10544 0.065197 -0.054046 -0.033468 0.012106 -0.1629 0.0090829 -0.070144 0.16054 0.16339 -0.070144 -0.20242 0.017525 0.021126 0.014497 -0.051817 -0.070018 -0.19217 -0.093567 0.011046 0.036703 -0.083271 -0.0048959 -0.068222 -0.068222 -0.068222 -0.068222 -0.083196 -0.083196 -0.068222 -0.083196 -0.0060608 -0.0099929 -0.068222 -0.083196 -0.068222 -0.028523 -0.068222 -0.068222 -0.068222 -0.068222 -0.068222 -0.0060608 -0.083196 -0.0099929 -0.0060608 -0.0060608
-0.1394 0.28042 -0.17973 -0.13832 0.43789 -0.18307 0.17973 0.15209 0.21948 0.30361 -0.18831 -0.26452 -0.26452 -0.18831 -0.34097 -0.18831 0.49309 0.18673 -0.26452 -0.18673 -0.33983 0.29839 0.54906 1 -0.41103 0.9956 -0.41103 0.26588 0.082662 -0.079379 0.53606 0.41026 0.72846 -0.22327 0.69558 -0.27221 -0.66283 -0.36916 -0.22468 -0.262 0.66721 -0.20946 0.66721 -0.2941 -0.27916 -0.26072 -0.26072 -0.53829 0.51888 0.30619 -0.43564 0.62454 -0.24296 -0.096781 -0.148 -0.055825 -0.23801 -0.13403 -0.23889 0.096781 -0.30046 -0.22837 0.59372 -0.29387 0.31773 0.17483 -0.079379 -0.24024 0.17483 0.59372 -0.24024 -0.24024 0.59521 -0.15714 0.065239 0.065239 0.096781 0.096781 0.15838 0.09128 0.18853 0.28773 -0.17758 0.26439 -0.095152 0.15453 -0.1703 0.086792 0.24419 0.24552 0.074408 -0.060266 -0.12579 -0.14185 -0.14185 -0.069237 -0.1703 -0.06009 -0.060266 0.16654 -0.13613 -0.063292 0.16654 0.16654 0.16654 0.16509 0.16654 -0.13613 -0.06009 0.14198 0.086792 0.16654 -0.1703 0.16509 -0.069237 0.27679 0.074408 -0.069237 -0.093427 0.16219 0.16598 0.16073 0.1353 0.10897 -0.15295 -0.1132 -0.1009 0.061653 -0.12196 -0.0487 -0.039143 -0.039143 -0.039143 -0.039143 -0.020399 -0.020399 -0.039143 -0.020399 -0.054873 -0.034619 -0.039143 -0.020399 -0.039143 -0.12507 -0.039143 -0.039143 -0.039143 -0.039143 -0.039143 -0.054873 -0.020399 -0.034619 -0.054873 -0.054873
0.40668 0.23327 -0.081965 0.32721 0.089659 -0.099161 0.13882 -0.062511 0.16452 0.14844 -0.13882 -0.15001 -0.15001 -0.13882 -0.21342 -0.13882 -0.27724 0.14705 -0.15001 -0.13751 -0.21241 -0.080575 -0.74274 -0.41103 1 -0.41284 1 0.20938 0.065097 -0.062511 -0.062377 0.34975 -0.044585 -0.19215 -0.072583 -0.21879 0.0094544 0.35821 -0.19319 0.61936 -0.019941 -0.17689 -0.019941 -0.21329 -0.201 0.62317 0.62317 0.14119 0.023155 0.2593 0.21778 -0.010896 -0.19634 -0.096265 -0.10787 -0.05982 0.56303 -0.087749 -0.1914 0.096265 0.4168 0.58748 -0.025912 0.4191 0.26816 0.16264 -0.062511 -0.19246 0.16264 -0.025912 -0.19246 -0.19246 -0.029411 -0.097783 0.11006 0.11006 0.096265 0.096265 -0.065097 0.092669 0.033356 -0.14341 0.21168 -0.058549 -0.050409 0.073002 0.23285 -0.033609 -0.067513 -0.071248 0.070375 -0.072252 -0.040662 0.15927 0.15927 0.092385 0.23285 -0.041208 -0.072252 0.022601 0.15082 -0.074311 0.022601 0.022601 0.022601 0.021308 0.022601 0.15082 -0.041208 0.099125 -0.044797 0.022601 0.23285 0.021308 0.092385 -0.16159 0.070375 0.092385 -0.080264 0.018711 0.021071 0.017408 0.10051 0.11516 0.22417 0.13842 0.046042 -0.0087699 0.07644 0.022544 0.031469 0.031469 0.031469 0.031469 0.0021523 0.0021523 0.031469 0.0021523 0.029145 0.042886 0.031469 0.0021523 0.031469 0.048815 0.031469 0.031469 0.031469 0.031469 0.031469 0.029145 0.0021523 0.042886 0.029145 0.029145
-0.14039 0.28188 -0.18057 -0.139 0.43751 -0.18445 0.18057 0.15142 0.22045 0.30495 -0.18914 -0.26572 -0.26572 -0.18914 -0.34251 -0.18914 0.49224 0.18756 -0.26572 -0.18756 -0.34136 0.2999 0.54718 0.9956 -0.41284 1 -0.41284 0.26705 0.083027 -0.07973 0.53466 0.41242 0.72795 -0.22438 0.69487 -0.27368 -0.66198 -0.37096 -0.22579 -0.26323 0.66639 -0.21058 0.66639 -0.29562 -0.28062 -0.26194 -0.26194 -0.53675 0.51858 0.30784 -0.43782 0.62384 -0.2446 -0.097355 -0.14882 -0.056188 -0.23934 -0.13474 -0.24054 0.097355 -0.30206 -0.22967 0.59306 -0.29548 0.31977 0.17579 -0.07973 -0.2419 0.17579 0.59306 -0.2419 -0.2419 0.59455 -0.15794 0.070711 0.070711 0.097355 0.097355 0.15768 0.091836 0.18644 0.28604 -0.17863 0.26117 -0.095779 0.15567 -0.17128 0.085767 0.24661 0.24795 0.075026 -0.060989 -0.12673 -0.13464 -0.13464 -0.070547 -0.17128 -0.060467 -0.060989 0.16377 -0.13707 -0.064023 0.16377 0.16377 0.16377 0.16721 0.16377 -0.13707 -0.060467 0.14345 0.085767 0.16377 -0.17128 0.16721 -0.070547 0.27587 0.075026 -0.070547 -0.094149 0.15939 0.16813 0.15792 0.13675 0.11051 -0.14951 -0.11418 -0.096193 0.063427 -0.12089 -0.047229 -0.040076 -0.040076 -0.040076 -0.040076 -0.021079 -0.021079 -0.040076 -0.021079 -0.053431 -0.035239 -0.040076 -0.021079 -0.040076 -0.12874 -0.040076 -0.040076 -0.040076 -0.040076 -0.040076 -0.053431 -0.021079 -0.035239 -0.053431 -0.053431
0.40668 0.23327 -0.081965 0.32721 0.089659 -0.099161 0.13882 -0.062511 0.16452 0.14844 -0.13882 -0.15001 -0.15001 -0.13882 -0.21342 -0.13882 -0.27724 0.14705 -0.15001 -0.13751 -0.21241 -0.080575 -0.74274 -0.41103 1 -0.41284 1 0.20938 0.065097 -0.062511 -0.062377 0.34975 -0.044585 -0.19215 -0.072583 -0.21879 0.0094544 0.35821 -0.19319 0.61936 -0.019941 -0.17689 -0.019941 -0.21329 -0.201 0.62317 0.62317 0.14119 0.023155 0.2593 0.21778 -0.010896 -0.19634 -0.096265 -0.10787 -0.05982 0.56303 -0.087749 -0.1914 0.096265 0.4168 0.58748 -0.025912 0.4191 0.26816 0.16264 -0.062511 -0.19246 0.16264 -0.025912 -0.19246 -0.19246 -0.029411 -0.097783 0.11006 0.11006 0.096265 0.096265 -0.065097 0.092669 0.033356 -0.14341 0.21168 -0.058549 -0.050409 0.073002 0.23285 -0.033609 -0.067513 -0.071248 0.070375 -0.072252 -0.040662 0.15927 0.15927 0.092385 0.23285 -0.041208 -0.072252 0.022601 0.15082 -0.074311 0.022601 0.022601 0.022601 0.021308 0.022601 0.15082 -0.041208 0.099125 -0.044797 0.022601 0.23285 0.021308 0.092385 -0.16159 0.070375 0.092385 -0.080264 0.018711 0.021071 0.017408 0.10051 0.11516 0.22417 0.13842 0.046042 -0.0087699 0.07644 0.022544 0.031469 0.031469 0.031469 0.031469 0.0021523 0.0021523 0.031469 0.0021523 0.029145 0.042886 0.031469 0.0021523 0.031469 0.048815 0.031469 0.031469 0.031469 0.031469 0.031469 0.029145 0.0021523 0.042886 0.029145 0.029145
0.1037 0.58239 -0.0045965 0.075858 0.2512 0.12554 -0.083361 0.040436 0.0094923 -0.051622 0.095926 0.11 0.11 0.095926 0.15283 0.095926 -0.25545 -0.082466 0.11 0.095124 0.1522 0.72106 0.46774 0.26588 0.20938 0.26705 0.20938 1 0.3109 -0.29855 -0.22717 -0.1521 0.31476 -0.857 0.3344 0.10357 -0.34995 -0.51439 -0.85214 0.12142 0.34779 0.12429 0.34779 0.016096 0.1043 0.12073 0.12073 0.1735 0.3276 0.47935 -0.26686 0.30527 0.08609 -0.40383 0.089352 -0.25621 0.1193 -0.041261 0.078921 0.40383 -0.27688 0.11435 0.26302 -0.27052 0.041048 0.18492 0.040436 0.0797 0.18492 0.26302 0.0797 0.0797 0.2623 0.089352 0.10254 0.10254 0.40383 0.40383 0.042109 0.3846 0.30872 -0.016315 0.0805 -0.0083476 0.066707 0.11188 0.072293 -0.068724 0.024143 0.023325 0.33984 0.070899 0.098306 0.041542 0.041542 0.011857 0.072293 0.040436 0.070899 0.036832 0.038009 0.05562 0.036832 0.036832 0.036832 0.037741 0.036832 0.038009 0.040436 0.058289 -0.083561 0.036832 0.072293 0.037741 0.011857 0.0039218 0.33984 0.011857 -0.41167 0.039568 0.069847 0.03327 0.063323 0.055824 0.033053 0.0392 0.079439 0.042954 -0.033719 -0.0016967 -0.036763 -0.036763 -0.036763 -0.036763 -0.086882 -0.086882 -0.036763 -0.086882 0.0044618 0.039049 -0.036763 -0.086882 -0.036763 0.011517 -0.036763 -0.036763 -0.036763 -0.036763 -0.036763 0.0044618 -0.086882 0.039049 0.0044618 0.0044618
0.032241 -0.0031424 -0.0062372 0.023584 0.091023 0.018675 -0.029824 0.012572 0.25005 0.22298 0.029824 0.016128 0.016128 0.029824 0.032274 0.029824 0.10145 -0.029574 0.016128 0.029574 0.032048 0.2029 0.11291 0.082662 0.065097 0.083027 0.065097 0.3109 1 -0.96029 0.13405 0.17594 0.1017 0.038643 0.10779 0.050313 -0.11261 0.042368 0.038852 0.016991 0.11194 0.038643 0.11194 -0.22531 0.050497 0.016705 0.016705 -0.13824 0.10377 0.18622 -0.15276 0.11018 0.053954 -0.087652 0.02778 -0.83431 0.019769 0.02447 0.054134 0.087652 0.032724 0.01784 0.11039 0.0325 -0.027564 0.0339 0.012572 0.054314 0.0339 0.11039 0.054314 0.054314 0.11018 0.02778 0.038224 0.038224 0.087652 0.087652 0.013092 -0.018637 -0.036321 -0.2761 0.035205 -0.060358 0.020739 -0.036949 0.033172 0.024759 0.05857 0.058268 -0.019713 0.022043 0.030563 0.03153 0.03153 -0.16568 0.033172 0.012572 0.022043 0.079748 0.030807 0.022358 0.079748 0.079748 0.079748 0.080127 0.079748 0.030807 0.012572 -0.045622 0.024759 0.079748 0.033172 0.080127 -0.16568 0.023551 -0.019713 -0.16568 0.023283 0.080891 0.16064 0.081276 -0.044853 -0.046005 0.056105 0.031049 -0.059806 -0.027153 -0.02447 -0.038434 0.026983 0.026983 0.026983 0.026983 0.01936 0.01936 0.026983 0.01936 -0.037377 0.018266 0.026983 0.01936 0.026983 -0.018651 0.026983 0.026983 0.026983 0.026983 0.026983 -0.037377 0.01936 0.018266 -0.037377 -0.037377
