1 -0.02863 -0.091079 -0.096265 0.24044 1 0.15813 -0.023476 0.25177 0.25177 0.077916 0.25177 0.15813 -0.090819 -0.05464 -0.020817 0.84172 -0.090819 -0.02863 -0.022838 -0.17433 -0.038696 0.25236 -0.05464 -0.091079 -0.091079 -0.10821 0.15844 -0.05464 -0.0253 -0.094452 0.077916 -0.090819 -0.10847 -0.017791 -0.01936 0.25177 0.077916 0.15813 -0.01936 -0.090559 0.25236 0.25177 -0.090559 -0.022838 0.049734 -0.090559 0.15813 -0.01936 -0.091079 -0.020817 -0.020817 -0.022838 -0.070274 0.35527 -0.17398 -0.07711 -0.040691 -0.044835 0.25119 0.25119
-0.02863 1 -0.091079 -0.096265 -0.11292 -0.02863 -0.18105 -0.023476 -0.11371 -0.11371 0.077916 -0.11371 -0.18105 -0.090819 -0.05464 -0.020817 -0.024098 -0.090819 1 -0.022838 0.16423 -0.038696 -0.11345 -0.05464 -0.091079 -0.091079 0.26459 -0.18069 -0.05464 -0.0253 -0.094452 0.077916 -0.090819 0.26395 -0.017791 -0.01936 -0.11371 0.077916 -0.18105 -0.01936 -0.090559 -0.11345 -0.11371 -0.090559 -0.022838 0.049734 -0.090559 -0.18105 -0.01936 -0.091079 -0.020817 -0.020817 -0.022838 0.4074 -0.06502 0.16456 -0.07711 -0.040691 -0.044835 -0.11398 -0.11398
-0.091079 -0.091079 1 0.94612 -0.35924 -0.091079 0.49827 0.25776 -0.35661 -0.35661 0.24787 -0.35661 0.49827 0.99715 -0.17382 -0.066224 -0.076663 0.99715 -0.091079 0.25076 0.51769 -0.1231 -0.35577 -0.17382 0.99429 0.99429 -0.34423 0.49928 -0.17382 -0.080486 0.95309 0.24787 0.99143 -0.33982 -0.056597 -0.061589 -0.35661 0.24787 0.49827 -0.061589 0.99429 -0.35577 -0.35661 0.99429 -0.072655 0.15821 0.99429 0.49827 -0.061589 0.99429 0.22856 -0.066224 -0.072655 -0.22356 -0.25636 0.51873 -0.24531 0.44677 -0.14263 -0.35745 -0.35745
-0.096265 -0.096265 0.94612 1 -0.3797 -0.096265 0.43897 0.24387 -0.37236 -0.37236 0.26199 -0.37236 0.43897 0.94342 -0.18372 -0.069995 -0.081028 0.94342 -0.096265 0.23724 0.54758 0.061438 -0.37647 -0.18372 0.94612 0.94612 -0.26702 0.44005 -0.18372 -0.08507 0.90508 0.26199 0.94342 -0.26291 -0.05982 -0.065097 -0.37236 0.26199 0.43897 -0.065097 0.94072 -0.37647 -0.37236 0.94072 -0.076792 0.16722 0.94072 0.43897 -0.065097 0.94612 0.21625 -0.069995 0.23724 -0.23629 -0.27096 0.54406 -0.25928 0.4227 -0.15075 -0.37326 -0.37326
0.24044 -0.11292 -0.35924 -0.3797 1 0.24044 0.6237 -0.092596 0.99305 0.99305 0.30732 0.99305 0.6237 -0.35821 -0.21552 -0.082108 0.19798 -0.35821 -0.11292 -0.090081 -0.68759 -0.15263 0.99536 -0.21552 -0.35924 -0.35924 -0.42679 0.62063 -0.21552 -0.099791 -0.36749 0.30732 -0.35821 -0.42782 -0.070172 -0.076361 0.99305 0.30732 0.6237 -0.076361 -0.35719 0.99536 0.99305 -0.35719 -0.090081 0.19616 -0.35719 0.61938 -0.076361 -0.35924 -0.082108 -0.082108 -0.090081 -0.27718 0.70254 -0.68623 -0.30414 -0.1605 -0.13337 0.99075 0.99075
1 -0.02863 -0.091079 -0.096265 0.24044 1 0.15813 -0.023476 0.25177 0.25177 0.077916 0.25177 0.15813 -0.090819 -0.05464 -0.020817 0.84172 -0.090819 -0.02863 -0.022838 -0.17433 -0.038696 0.25236 -0.05464 -0.091079 -0.091079 -0.10821 0.15844 -0.05464 -0.0253 -0.094452 0.077916 -0.090819 -0.10847 -0.017791 -0.01936 0.25177 0.077916 0.15813 -0.01936 -0.090559 0.25236 0.25177 -0.090559 -0.022838 0.049734 -0.090559 0.15813 -0.01936 -0.091079 -0.020817 -0.020817 -0.022838 -0.070274 0.35527 -0.17398 -0.07711 -0.040691 -0.044835 0.25119 0.25119
0.15813 -0.18105 0.49827 0.43897 0.6237 0.15813 1 0.12966 0.62807 0.62807 0.49274 0.62807 1 0.49683 -0.34554 -0.13165 0.1331 0.49683 -0.18105 0.12614 -0.20536 -0.24471 0.62661 -0.34554 0.49827 0.49827 -0.68429 0.99801 -0.34554 -0.16 0.46081 0.49274 0.50161 -0.68595 -0.11251 -0.12243 0.62807 0.49274 1 -0.12243 0.50017 0.62661 0.62807 0.50017 -0.14443 0.31451 0.50017 0.99601 -0.12243 0.49827 0.11498 -0.13165 -0.14443 -0.44441 0.43996 -0.20721 -0.48764 0.22475 -0.2433 0.62522 0.62522
-0.023476 -0.023476 0.25776 0.24387 -0.092596 -0.023476 0.12966 1 -0.093245 -0.093245 0.06389 -0.093245 0.12966 0.2585 -0.044804 -0.01707 -0.01976 0.2585 -0.023476 -0.018727 0.13467 -0.03173 -0.093028 -0.044804 0.25776 0.25776 -0.088728 0.12992 -0.044804 -0.020746 0.24855 0.06389 0.2585 -0.088942 -0.014588 -0.015875 -0.093245 0.06389 0.12966 -0.015875 0.25924 -0.093028 -0.093245 0.25924 -0.018727 0.040781 0.25924 0.12966 -0.015875 0.25776 -0.01707 -0.01707 -0.018727 -0.057624 -0.06608 0.13494 -0.063229 -0.033366 -0.036764 -0.093461 -0.093461
0.25177 -0.11371 -0.35661 -0.37236 0.99305 0.25177 0.62807 -0.093245 1 1 0.30947 1 0.62807 -0.36072 -0.21702 -0.082683 0.21192 -0.36072 -0.11371 -0.090712 -0.68811 -0.1537 0.99768 -0.21702 -0.35661 -0.35661 -0.42978 0.62502 -0.21702 -0.10049 -0.36506 0.30947 -0.35557 -0.43082 -0.070663 -0.076896 1 0.30947 0.62807 -0.076896 -0.35969 0.99768 1 -0.35969 -0.090712 0.19754 -0.35969 0.62376 -0.076896 -0.35661 -0.082683 -0.082683 -0.090712 -0.27912 0.70314 -0.69103 -0.30627 -0.16162 -0.13472 0.99769 0.99769
0.25177 -0.11371 -0.35661 -0.37236 0.99305 0.25177 0.62807 -0.093245 1 1 0.30947 1 0.62807 -0.36072 -0.21702 -0.082683 0.21192 -0.36072 -0.11371 -0.090712 -0.68811 -0.1537 0.99768 -0.21702 -0.35661 -0.35661 -0.42978 0.62502 -0.21702 -0.10049 -0.36506 0.30947 -0.35557 -0.43082 -0.070663 -0.076896 1 0.30947 0.62807 -0.076896 -0.35969 0.99768 1 -0.35969 -0.090712 0.19754 -0.35969 0.62376 -0.076896 -0.35661 -0.082683 -0.082683 -0.090712 -0.27912 0.70314 -0.69103 -0.30627 -0.16162 -0.13472 0.99769 0.99769
0.077916 0.077916 0.24787 0.26199 0.30732 0.077916 0.49274 0.06389 0.30947 0.30947 1 0.30947 0.49274 0.24716 -0.70127 0.056653 0.065583 0.24716 0.077916 0.062155 0.47443 0.10531 0.30876 -0.70127 0.24787 0.24787 0.29448 0.49176 -0.70127 0.068854 0.25705 1 0.24716 0.29519 -0.22833 -0.24847 0.30947 1 0.49274 -0.24847 0.24646 0.30876 0.30947 0.24646 0.062155 0.6383 0.24646 0.4875 0.052688 0.24787 0.056653 0.056653 0.062155 0.19125 0.21931 0.47349 -0.98965 0.11074 -0.52259 0.30454 0.30454
0.25177 -0.11371 -0.35661 -0.37236 0.99305 0.25177 0.62807 -0.093245 1 1 0.30947 1 0.62807 -0.36072 -0.21702 -0.082683 0.21192 -0.36072 -0.11371 -0.090712 -0.68811 -0.1537 0.99768 -0.21702 -0.35661 -0.35661 -0.42978 0.62502 -0.21702 -0.10049 -0.36506 0.30947 -0.35557 -0.43082 -0.070663 -0.076896 1 0.30947 0.62807 -0.076896 -0.35969 0.99768 1 -0.35969 -0.090712 0.19754 -0.35969 0.62376 -0.076896 -0.35661 -0.082683 -0.082683 -0.090712 -0.27912 0.70314 -0.69103 -0.30627 -0.16162 -0.13472 0.99769 0.99769
0.15813 -0.18105 0.49827 0.43897 0.6237 0.15813 1 0.12966 0.62807 0.62807 0.49274 0.62807 1 0.49683 -0.34554 -0.13165 0.1331 0.49683 -0.18105 0.12614 -0.20536 -0.24471 0.62661 -0.34554 0.49827 0.49827 -0.68429 0.99801 -0.34554 -0.16 0.46081 0.49274 0.50161 -0.68595 -0.11251 -0.12243 0.62807 0.49274 1 -0.12243 0.50017 0.62661 0.62807 0.50017 -0.14443 0.31451 0.50017 0.99601 -0.12243 0.49827 0.11498 -0.13165 -0.14443 -0.44441 0.43996 -0.20721 -0.48764 0.22475 -0.2433 0.62522 0.62522
-0.090819 -0.090819 0.99715 0.94342 -0.35821 -0.090819 0.49683 0.2585 -0.36072 -0.36072 0.24716 -0.36072 0.49683 1 -0.17333 -0.066035 -0.076444 1 -0.090819 0.25147 0.52097 -0.12275 -0.35988 -0.17333 0.99715 0.99715 -0.34325 0.49783 -0.17333 -0.080256 0.95593 0.24716 0.99428 -0.33883 -0.056435 -0.061413 -0.36072 0.24716 0.49683 -0.061413 0.99714 -0.35988 -0.36072 0.99714 -0.072448 0.15776 0.99714 0.49683 -0.061413 0.99715 0.22922 -0.066035 -0.072448 -0.22292 -0.25563 0.52201 -0.24461 0.44805 -0.14222 -0.36156 -0.36156
-0.05464 -0.05464 -0.17382 -0.18372 -0.21552 -0.05464 -0.34554 -0.044804 -0.21702 -0.21702 -0.70127 -0.21702 -0.34554 -0.17333 1 -0.039729 -0.045992 -0.17333 -0.05464 -0.043587 -0.3327 -0.073851 -0.21652 1 -0.17382 -0.17382 -0.20651 -0.34485 1 -0.048285 -0.18026 -0.70127 -0.17333 -0.20701 0.3256 -0.036949 -0.21702 -0.70127 -0.34554 -0.036949 -0.17283 -0.21652 -0.21702 -0.17283 -0.043587 0.094917 -0.17283 -0.34554 -0.036949 -0.17382 -0.039729 -0.039729 -0.043587 -0.13412 -0.1538 -0.33204 0.69959 -0.077659 0.75191 -0.21019 -0.21019
-0.020817 -0.020817 -0.066224 -0.069995 -0.082108 -0.020817 -0.13165 -0.01707 -0.082683 -0.082683 0.056653 -0.082683 -0.13165 -0.066035 -0.039729 1 -0.017522 -0.066035 -0.020817 -0.016606 0.11941 -0.028136 -0.082491 -0.039729 -0.066224 -0.066224 0.19238 -0.13138 -0.039729 -0.018396 -0.068677 0.056653 -0.066035 0.19192 -0.012936 -0.014077 -0.082683 0.056653 -0.13165 -0.014077 -0.065846 -0.082491 -0.082683 -0.065846 -0.016606 0.036162 -0.065846 -0.13165 0.93001 -0.066224 -0.015136 1 -0.016606 -0.051097 -0.058595 0.11965 -0.056067 -0.029587 -0.0326 -0.082874 -0.082874
0.84172 -0.024098 -0.076663 -0.081028 0.19798 0.84172 0.1331 -0.01976 0.21192 0.21192 0.065583 0.21192 0.1331 -0.076444 -0.045992 -0.017522 1 -0.076444 -0.024098 -0.019224 -0.14673 -0.032571 0.21241 -0.045992 -0.076663 -0.076663 -0.091079 0.13337 -0.045992 -0.021296 -0.079502 0.065583 -0.076444 -0.091299 -0.014975 -0.016296 0.21192 0.065583 0.1331 -0.016296 -0.076225 0.21241 0.21192 -0.076225 -0.019224 0.041862 -0.076225 0.1331 -0.016296 -0.076663 -0.017522 -0.017522 -0.019224 -0.059151 0.29904 -0.14644 -0.064905 -0.034251 -0.037738 0.21143 0.21143
-0.090819 -0.090819 0.99715 0.94342 -0.35821 -0.090819 0.49683 0.2585 -0.36072 -0.36072 0.24716 -0.36072 0.49683 1 -0.17333 -0.066035 -0.076444 1 -0.090819 0.25147 0.52097 -0.12275 -0.35988 -0.17333 0.99715 0.99715 -0.34325 0.49783 -0.17333 -0.080256 0.95593 0.24716 0.99428 -0.33883 -0.056435 -0.061413 -0.36072 0.24716 0.49683 -0.061413 0.99714 -0.35988 -0.36072 0.99714 -0.072448 0.15776 0.99714 0.49683 -0.061413 0.99715 0.22922 -0.066035 -0.072448 -0.22292 -0.25563 0.52201 -0.24461 0.44805 -0.14222 -0.36156 -0.36156
-0.02863 1 -0.091079 -0.096265 -0.11292 -0.02863 -0.18105 -0.023476 -0.11371 -0.11371 0.077916 -0.11371 -0.18105 -0.090819 -0.05464 -0.020817 -0.024098 -0.090819 1 -0.022838 0.16423 -0.038696 -0.11345 -0.05464 -0.091079 -0.091079 0.26459 -0.18069 -0.05464 -0.0253 -0.094452 0.077916 -0.090819 0.26395 -0.017791 -0.01936 -0.11371 0.077916 -0.18105 -0.01936 -0.090559 -0.11345 -0.11371 -0.090559 -0.022838 0.049734 -0.090559 -0.18105 -0.01936 -0.091079 -0.020817 -0.020817 -0.022838 0.4074 -0.06502 0.16456 -0.07711 -0.040691 -0.044835 -0.11398 -0.11398
-0.022838 -0.022838 0.25076 0.23724 -0.090081 -0.022838 0.12614 -0.018727 -0.090712 -0.090712 0.062155 -0.090712 0.12614 0.25147 -0.043587 -0.016606 -0.019224 0.25147 -0.022838 1 0.13101 -0.030868 -0.090501 -0.043587 0.25076 0.25076 -0.086318 0.12639 -0.043587 -0.020182 0.2418 0.062155 0.25147 -0.086526 -0.014192 -0.015444 -0.090712 0.062155 0.12614 -0.015444 0.2522 -0.090501 -0.090712 0.2522 -0.018219 0.039673 0.2522 0.12614 -0.015444 0.25076 -0.016606 -0.016606 -0.018219 -0.056059 -0.064285 0.13127 -0.061512 -0.03246 -0.035766 -0.090922 -0.090922
-0.17433 0.16423 0.51769 0.54758 -0.68759 -0.17433 -0.20536 0.13467 -0.68811 -0.68811 0.47443 -0.68811 -0.20536 0.52097 -0.3327 0.11941 -0.14673 0.52097 0.16423 0.13101 1 0.22197 -0.6908 -0.3327 0.52246 0.52246 0.62071 -0.20328 -0.3327 0.14513 0.53714 0.47443 0.52097 0.62221 -0.10833 -0.11788 -0.68811 0.47443 -0.20536 -0.11788 0.51948 -0.6908 -0.68811 0.51948 0.13101 0.30283 0.51948 -0.20536 0.11106 0.52246 0.11941 0.11941 0.13101 0.40312 -0.48556 0.99801 -0.46952 0.23342 -0.273 -0.68972 -0.68972
-0.038696 -0.038696 -0.1231 0.061438 -0.15263 -0.038696 -0.24471 -0.03173 -0.1537 -0.1537 0.10531 -0.1537 -0.24471 -0.12275 -0.073851 -0.028136 -0.032571 -0.12275 -0.038696 -0.030868 0.22197 1 -0.15334 -0.073851 -0.1231 -0.1231 0.35761 -0.24422 -0.073851 -0.034196 -0.12766 0.10531 -0.12275 0.35675 -0.024046 -0.026167 -0.1537 0.10531 -0.24471 -0.026167 -0.1224 -0.15334 -0.1537 -0.1224 -0.030868 0.06722 -0.1224 -0.24471 -0.026167 -0.1231 -0.028136 -0.028136 0.5902 -0.094982 -0.10892 0.22242 -0.10422 -0.054998 -0.060599 -0.15405 -0.15405
0.25236 -0.11345 -0.35577 -0.37647 0.99536 0.25236 0.62661 -0.093028 0.99768 0.99768 0.30876 0.99768 0.62661 -0.35988 -0.21652 -0.082491 0.21241 -0.35988 -0.11345 -0.090501 -0.6908 -0.15334 1 -0.21652 -0.36091 -0.36091 -0.42879 0.62355 -0.21652 -0.10026 -0.36923 0.30876 -0.35988 -0.42982 -0.070499 -0.076718 0.99768 0.30876 0.62661 -0.076718 -0.35885 1 0.99768 -0.35885 -0.090501 0.19708 -0.35885 0.6223 -0.076718 -0.36091 -0.082491 -0.082491 -0.090501 -0.27847 0.70478 -0.68943 -0.30556 -0.16125 -0.13427 0.99537 0.99537
-0.05464 -0.05464 -0.17382 -0.18372 -0.21552 -0.05464 -0.34554 -0.044804 -0.21702 -0.21702 -0.70127 -0.21702 -0.34554 -0.17333 1 -0.039729 -0.045992 -0.17333 -0.05464 -0.043587 -0.3327 -0.073851 -0.21652 1 -0.17382 -0.17382 -0.20651 -0.34485 1 -0.048285 -0.18026 -0.70127 -0.17333 -0.20701 0.3256 -0.036949 -0.21702 -0.70127 -0.34554 -0.036949 -0.17283 -0.21652 -0.21702 -0.17283 -0.043587 0.094917 -0.17283 -0.34554 -0.036949 -0.17382 -0.039729 -0.039729 -0.043587 -0.13412 -0.1538 -0.33204 0.69959 -0.077659 0.75191 -0.21019 -0.21019
-0.091079 -0.091079 0.99429 0.94612 -0.35924 -0.091079 0.49827 0.25776 -0.35661 -0.35661 0.24787 -0.35661 0.49827 0.99715 -0.17382 -0.066224 -0.076663 0.99715 -0.091079 0.25076 0.52246 -0.1231 -0.36091 -0.17382 1 1 -0.34423 0.49928 -0.17382 -0.080486 0.95869 0.24787 0.99715 -0.33982 -0.056597 -0.061589 -0.35661 0.24787 0.49827 -0.061589 0.99429 -0.36091 -0.35661 0.99429 -0.072655 0.15821 0.99429 0.49827 -0.061589 1 0.22856 -0.066224 -0.072655 -0.22356 -0.25636 0.51873 -0.24531 0.44677 -0.14263 -0.35745 -0.35745
-0.091079 -0.091079 0.99429 0.94612 -0.35924 -0.091079 0.49827 0.25776 -0.35661 -0.35661 0.24787 -0.35661 0.49827 0.99715 -0.17382 -0.066224 -0.076663 0.99715 -0.091079 0.25076 0.52246 -0.1231 -0.36091 -0.17382 1 1 -0.34423 0.49928 -0.17382 -0.080486 0.95869 0.24787 0.99715 -0.33982 -0.056597 -0.061589 -0.35661 0.24787 0.49827 -0.061589 0.99429 -0.36091 -0.35661 0.99429 -0.072655 0.15821 0.99429 0.49827 -0.061589 1 0.22856 -0.066224 -0.072655 -0.22356 -0.25636 0.51873 -0.24531 0.44677 -0.14263 -0.35745 -0.35745
-0.10821 0.26459 -0.34423 -0.26702 -0.42679 -0.10821 -0.68429 -0.088728 -0.42978 -0.42978 0.29448 -0.42978 -0.68429 -0.34325 -0.20651 0.19238 -0.091079 -0.34325 0.26459 -0.086318 0.62071 0.35761 -0.42879 -0.20651 -0.34423 -0.34423 1 -0.68293 -0.20651 0.23381 -0.29008 0.29448 -0.34325 0.99759 -0.06724 -0.073171 -0.42978 0.29448 -0.68429 -0.073171 -0.34227 -0.42879 -0.42978 -0.34227 0.21106 0.18797 -0.34227 -0.68429 0.17892 -0.34423 -0.078678 0.19238 0.21106 0.64945 -0.29893 0.62194 -0.29144 -0.15379 -0.16945 -0.43078 -0.43078
0.15844 -0.18069 0.49928 0.44005 0.62063 0.15844 0.99801 0.12992 0.62502 0.62502 0.49176 0.62502 0.99801 0.49783 -0.34485 -0.13138 0.13337 0.49783 -0.18069 0.12639 -0.20328 -0.24422 0.62355 -0.34485 0.49928 0.49928 -0.68293 1 -0.34485 -0.15968 0.46186 0.49176 0.50261 -0.68458 -0.11228 -0.12219 0.62502 0.49176 0.99801 -0.12219 0.50117 0.62355 0.62502 0.50117 -0.14414 0.31389 0.50117 0.99401 -0.12219 0.49928 0.11521 -0.13138 -0.14414 -0.44353 0.44085 -0.20513 -0.48667 0.22519 -0.24274 0.62218 0.62218
-0.05464 -0.05464 -0.17382 -0.18372 -0.21552 -0.05464 -0.34554 -0.044804 -0.21702 -0.21702 -0.70127 -0.21702 -0.34554 -0.17333 1 -0.039729 -0.045992 -0.17333 -0.05464 -0.043587 -0.3327 -0.073851 -0.21652 1 -0.17382 -0.17382 -0.20651 -0.34485 1 -0.048285 -0.18026 -0.70127 -0.17333 -0.20701 0.3256 -0.036949 -0.21702 -0.70127 -0.34554 -0.036949 -0.17283 -0.21652 -0.21702 -0.17283 -0.043587 0.094917 -0.17283 -0.34554 -0.036949 -0.17382 -0.039729 -0.039729 -0.043587 -0.13412 -0.1538 -0.33204 0.69959 -0.077659 0.75191 -0.21019 -0.21019
-0.0253 -0.0253 -0.080486 -0.08507 -0.099791 -0.0253 -0.16 -0.020746 -0.10049 -0.10049 0.068854 -0.10049 -0.16 -0.080256 -0.048285 -0.018396 -0.021296 -0.080256 -0.0253 -0.020182 0.14513 -0.034196 -0.10026 -0.048285 -0.080486 -0.080486 0.23381 -0.15968 -0.048285 1 -0.083467 0.068854 -0.080256 0.23325 -0.015722 -0.017108 -0.10049 0.068854 -0.16 -0.017108 -0.080027 -0.10026 -0.10049 -0.080027 0.9027 0.043949 -0.080027 -0.16 -0.017108 -0.080486 -0.018396 -0.018396 -0.020182 0.36002 -0.071214 0.14542 -0.068142 -0.035959 -0.039621 -0.10072 -0.10072
-0.094452 -0.094452 0.95309 0.90508 -0.36749 -0.094452 0.46081 0.24855 -0.36506 -0.36506 0.25705 -0.36506 0.46081 0.95593 -0.18026 -0.068677 -0.079502 0.95593 -0.094452 0.2418 0.53714 -0.12766 -0.36923 -0.18026 0.95869 0.95869 -0.29008 0.46186 -0.18026 -0.083467 1 0.25705 0.96153 -0.29101 -0.058693 -0.06387 -0.36506 0.25705 0.46081 -0.06387 0.95878 -0.36923 -0.36506 0.95878 -0.075346 0.16407 0.95878 0.46081 -0.06387 0.95869 0.2204 -0.068677 -0.075346 -0.14612 -0.25984 0.53354 -0.25439 0.43081 -0.14791 -0.36594 -0.36594
0.077916 0.077916 0.24787 0.26199 0.30732 0.077916 0.49274 0.06389 0.30947 0.30947 1 0.30947 0.49274 0.24716 -0.70127 0.056653 0.065583 0.24716 0.077916 0.062155 0.47443 0.10531 0.30876 -0.70127 0.24787 0.24787 0.29448 0.49176 -0.70127 0.068854 0.25705 1 0.24716 0.29519 -0.22833 -0.24847 0.30947 1 0.49274 -0.24847 0.24646 0.30876 0.30947 0.24646 0.062155 0.6383 0.24646 0.4875 0.052688 0.24787 0.056653 0.056653 0.062155 0.19125 0.21931 0.47349 -0.98965 0.11074 -0.52259 0.30454 0.30454
-0.090819 -0.090819 0.99143 0.94342 -0.35821 -0.090819 0.50161 0.2585 -0.35557 -0.35557 0.24716 -0.35557 0.50161 0.99428 -0.17333 -0.066035 -0.076444 0.99428 -0.090819 0.25147 0.52097 -0.12275 -0.35988 -0.17333 0.99715 0.99715 -0.34325 0.50261 -0.17333 -0.080256 0.96153 0.24716 1 -0.34408 -0.056435 -0.061413 -0.35557 0.24716 0.50161 -0.061413 0.99714 -0.35988 -0.35557 0.99714 -0.072448 0.15776 0.99714 0.50161 -0.061413 0.99715 0.22922 -0.066035 -0.072448 -0.22292 -0.25563 0.51723 -0.24461 0.44805 -0.14222 -0.35641 -0.35641
-0.10847 0.26395 -0.33982 -0.26291 -0.42782 -0.10847 -0.68595 -0.088942 -0.43082 -0.43082 0.29519 -0.43082 -0.68595 -0.33883 -0.20701 0.19192 -0.091299 -0.33883 0.26395 -0.086526 0.62221 0.35675 -0.42982 -0.20701 -0.33982 -0.33982 0.99759 -0.68458 -0.20701 0.23325 -0.29101 0.29519 -0.34408 1 -0.067402 -0.073348 -0.43082 0.29519 -0.68595 -0.073348 -0.34309 -0.42982 -0.43082 -0.34309 0.21056 0.18842 -0.34309 -0.68595 0.17849 -0.33982 -0.078867 0.19192 0.21056 0.64789 -0.29967 0.62345 -0.29214 -0.15416 -0.16986 -0.43182 -0.43182
-0.017791 -0.017791 -0.056597 -0.05982 -0.070172 -0.017791 -0.11251 -0.014588 -0.070663 -0.070663 -0.22833 -0.070663 -0.11251 -0.056435 0.3256 -0.012936 -0.014975 -0.056435 -0.017791 -0.014192 -0.10833 -0.024046 -0.070499 0.3256 -0.056597 -0.056597 -0.06724 -0.11228 0.3256 -0.015722 -0.058693 -0.22833 -0.056435 -0.067402 1 -0.01203 -0.070663 -0.22833 -0.11251 -0.01203 -0.056274 -0.070499 -0.070663 -0.056274 -0.014192 0.030905 -0.056274 -0.11251 -0.01203 -0.056597 -0.012936 -0.012936 -0.014192 -0.043669 -0.050077 -0.10811 0.23072 -0.025286 -0.027861 -0.070827 -0.070827
-0.01936 -0.01936 -0.061589 -0.065097 -0.076361 -0.01936 -0.12243 -0.015875 -0.076896 -0.076896 -0.24847 -0.076896 -0.12243 -0.061413 -0.036949 -0.014077 -0.016296 -0.061413 -0.01936 -0.015444 -0.11788 -0.026167 -0.076718 -0.036949 -0.061589 -0.061589 -0.073171 -0.12219 -0.036949 -0.017108 -0.06387 -0.24847 -0.061413 -0.073348 -0.01203 1 -0.076896 -0.24847 -0.12243 1 -0.061238 -0.076718 -0.076896 -0.061238 -0.015444 -0.38928 -0.061238 -0.12243 -0.013092 -0.061589 -0.014077 -0.014077 -0.015444 -0.047521 -0.054494 -0.11765 0.25107 -0.027516 -0.030318 -0.077074 -0.077074
0.25177 -0.11371 -0.35661 -0.37236 0.99305 0.25177 0.62807 -0.093245 1 1 0.30947 1 0.62807 -0.36072 -0.21702 -0.082683 0.21192 -0.36072 -0.11371 -0.090712 -0.68811 -0.1537 0.99768 -0.21702 -0.35661 -0.35661 -0.42978 0.62502 -0.21702 -0.10049 -0.36506 0.30947 -0.35557 -0.43082 -0.070663 -0.076896 1 0.30947 0.62807 -0.076896 -0.35969 0.99768 1 -0.35969 -0.090712 0.19754 -0.35969 0.62376 -0.076896 -0.35661 -0.082683 -0.082683 -0.090712 -0.27912 0.70314 -0.69103 -0.30627 -0.16162 -0.13472 0.99769 0.99769
0.077916 0.077916 0.24787 0.26199 0.30732 0.077916 0.49274 0.06389 0.30947 0.30947 1 0.30947 0.49274 0.24716 -0.70127 0.056653 0.065583 0.24716 0.077916 0.062155 0.47443 0.10531 0.30876 -0.70127 0.24787 0.24787 0.29448 0.49176 -0.70127 0.068854 0.25705 1 0.24716 0.29519 -0.22833 -0.24847 0.30947 1 0.49274 -0.24847 0.24646 0.30876 0.30947 0.24646 0.062155 0.6383 0.24646 0.4875 0.052688 0.24787 0.056653 0.056653 0.062155 0.19125 0.21931 0.47349 -0.98965 0.11074 -0.52259 0.30454 0.30454
0.15813 -0.18105 0.49827 0.43897 0.6237 0.15813 1 0.12966 0.62807 0.62807 0.49274 0.62807 1 0.49683 -0.34554 -0.13165 0.1331 0.49683 -0.18105 0.12614 -0.20536 -0.24471 0.62661 -0.34554 0.49827 0.49827 -0.68429 0.99801 -0.34554 -0.16 0.46081 0.49274 0.50161 -0.68595 -0.11251 -0.12243 0.62807 0.49274 1 -0.12243 0.50017 0.62661 0.62807 0.50017 -0.14443 0.31451 0.50017 0.99601 -0.12243 0.49827 0.11498 -0.13165 -0.14443 -0.44441 0.43996 -0.20721 -0.48764 0.22475 -0.2433 0.62522 0.62522
-0.01936 -0.01936 -0.061589 -0.065097 -0.076361 -0.01936 -0.12243 -0.015875 -0.076896 -0.076896 -0.24847 -0.076896 -0.12243 -0.061413 -0.036949 -0.014077 -0.016296 -0.061413 -0.01936 -0.015444 -0.11788 -0.026167 -0.076718 -0.036949 -0.061589 -0.061589 -0.073171 -0.12219 -0.036949 -0.017108 -0.06387 -0.24847 -0.061413 -0.073348 -0.01203 1 -0.076896 -0.24847 -0.12243 1 -0.061238 -0.076718 -0.076896 -0.061238 -0.015444 -0.38928 -0.061238 -0.12243 -0.013092 -0.061589 -0.014077 -0.014077 -0.015444 -0.047521 -0.054494 -0.11765 0.25107 -0.027516 -0.030318 -0.077074 -0.077074
-0.090559 -0.090559 0.99429 0.94072 -0.35719 -0.090559 0.50017 0.25924 -0.35969 -0.35969 0.24646 -0.35969 0.50017 0.99714 -0.17283 -0.065846 -0.076225 0.99714 -0.090559 0.2522 0.51948 -0.1224 -0.35885 -0.17283 0.99429 0.99429 -0.34227 0.50117 -0.17283 -0.080027 0.95878 0.24646 0.99714 -0.34309 -0.056274 -0.061238 -0.35969 0.24646 0.50017 -0.061238 1 -0.35885 -0.35969 1 -0.07224 0.15731 1 0.50017 -0.061238 0.99429 0.22987 -0.065846 -0.07224 -0.22228 -0.2549 0.52051 -0.24391 0.44934 -0.14182 -0.36052 -0.36052
0.25236 -0.11345 -0.35577 -0.37647 0.99536 0.25236 0.62661 -0.093028 0.99768 0.99768 0.30876 0.99768 0.62661 -0.35988 -0.21652 -0.082491 0.21241 -0.35988 -0.11345 -0.090501 -0.6908 -0.15334 1 -0.21652 -0.36091 -0.36091 -0.42879 0.62355 -0.21652 -0.10026 -0.36923 0.30876 -0.35988 -0.42982 -0.070499 -0.076718 0.99768 0.30876 0.62661 -0.076718 -0.35885 1 0.99768 -0.35885 -0.090501 0.19708 -0.35885 0.6223 -0.076718 -0.36091 -0.082491 -0.082491 -0.090501 -0.27847 0.70478 -0.68943 -0.30556 -0.16125 -0.13427 0.99537 0.99537
0.25177 -0.11371 -0.35661 -0.37236 0.99305 0.25177 0.62807 -0.093245 1 1 0.30947 1 0.62807 -0.36072 -0.21702 -0.082683 0.21192 -0.36072 -0.11371 -0.090712 -0.68811 -0.1537 0.99768 -0.21702 -0.35661 -0.35661 -0.42978 0.62502 -0.21702 -0.10049 -0.36506 0.30947 -0.35557 -0.43082 -0.070663 -0.076896 1 0.30947 0.62807 -0.076896 -0.35969 0.99768 1 -0.35969 -0.090712 0.19754 -0.35969 0.62376 -0.076896 -0.35661 -0.082683 -0.082683 -0.090712 -0.27912 0.70314 -0.69103 -0.30627 -0.16162 -0.13472 0.99769 0.99769
-0.090559 -0.090559 0.99429 0.94072 -0.35719 -0.090559 0.50017 0.25924 -0.35969 -0.35969 0.24646 -0.35969 0.50017 0.99714 -0.17283 -0.065846 -0.076225 0.99714 -0.090559 0.2522 0.51948 -0.1224 -0.35885 -0.17283 0.99429 0.99429 -0.34227 0.50117 -0.17283 -0.080027 0.95878 0.24646 0.99714 -0.34309 -0.056274 -0.061238 -0.35969 0.24646 0.50017 -0.061238 1 -0.35885 -0.35969 1 -0.07224 0.15731 1 0.50017 -0.061238 0.99429 0.22987 -0.065846 -0.07224 -0.22228 -0.2549 0.52051 -0.24391 0.44934 -0.14182 -0.36052 -0.36052
-0.022838 -0.022838 -0.072655 -0.076792 -0.090081 -0.022838 -0.14443 -0.018727 -0.090712 -0.090712 0.062155 -0.090712 -0.14443 -0.072448 -0.043587 -0.016606 -0.019224 -0.072448 -0.022838 -0.018219 0.13101 -0.030868 -0.090501 -0.043587 -0.072655 -0.072655 0.21106 -0.14414 -0.043587 0.9027 -0.075346 0.062155 -0.072448 0.21056 -0.014192 -0.015444 -0.090712 0.062155 -0.14443 -0.015444 -0.07224 -0.090501 -0.090712 -0.07224 1 0.039673 -0.07224 -0.14443 -0.015444 -0.072655 -0.016606 -0.016606 -0.018219 0.32499 -0.064285 0.13127 -0.061512 -0.03246 -0.035766 -0.090922 -0.090922
0.049734 0.049734 0.15821 0.16722 0.19616 0.049734 0.31451 0.040781 0.19754 0.19754 0.6383 0.19754 0.31451 0.15776 0.094917 0.036162 0.041862 0.15776 0.049734 0.039673 0.30283 0.06722 0.19708 0.094917 0.15821 0.15821 0.18797 0.31389 0.094917 0.043949 0.16407 0.6383 0.15776 0.18842 0.030905 -0.38928 0.19754 0.6383 0.31451 -0.38928 0.15731 0.19708 0.19754 0.15731 0.039673 1 0.15731 0.31451 0.033631 0.15821 0.036162 0.036162 0.039673 0.12207 0.13999 0.30222 -0.63523 0.070686 0.077884 0.19799 0.19799
-0.090559 -0.090559 0.99429 0.94072 -0.35719 -0.090559 0.50017 0.25924 -0.35969 -0.35969 0.24646 -0.35969 0.50017 0.99714 -0.17283 -0.065846 -0.076225 0.99714 -0.090559 0.2522 0.51948 -0.1224 -0.35885 -0.17283 0.99429 0.99429 -0.34227 0.50117 -0.17283 -0.080027 0.95878 0.24646 0.99714 -0.34309 -0.056274 -0.061238 -0.35969 0.24646 0.50017 -0.061238 1 -0.35885 -0.35969 1 -0.07224 0.15731 1 0.50017 -0.061238 0.99429 0.22987 -0.065846 -0.07224 -0.22228 -0.2549 0.52051 -0.24391 0.44934 -0.14182 -0.36052 -0.36052
0.15813 -0.18105 0.49827 0.43897 0.61938 0.15813 0.99601 0.12966 0.62376 0.62376 0.4875 0.62376 0.99601 0.49683 -0.34554 -0.13165 0.1331 0.49683 -0.18105 0.12614 -0.20536 -0.24471 0.6223 -0.34554 0.49827 0.49827 -0.68429 0.99401 -0.34554 -0.16 0.46081 0.4875 0.50161 -0.68595 -0.11251 -0.12243 0.62376 0.4875 0.99601 -0.12243 0.50017 0.6223 0.62376 0.50017 -0.14443 0.31451 0.50017 1 -0.12243 0.49827 0.11498 -0.13165 -0.14443 -0.44441 0.43483 -0.20721 -0.48764 0.22475 -0.2433 0.62092 0.62092
-0.01936 -0.01936 -0.061589 -0.065097 -0.076361 -0.01936 -0.12243 -0.015875 -0.076896 -0.076896 0.052688 -0.076896 -0.12243 -0.061413 -0.036949 0.93001 -0.016296 -0.061413 -0.01936 -0.015444 0.11106 -0.026167 -0.076718 -0.036949 -0.061589 -0.061589 0.17892 -0.12219 -0.036949 -0.017108 -0.06387 0.052688 -0.061413 0.17849 -0.01203 -0.013092 -0.076896 0.052688 -0.12243 -0.013092 -0.061238 -0.076718 -0.076896 -0.061238 -0.015444 0.033631 -0.061238 -0.12243 1 -0.061589 -0.014077 0.93001 -0.015444 -0.047521 -0.054494 0.11128 -0.052143 -0.027516 -0.030318 -0.077074 -0.077074
-0.091079 -0.091079 0.99429 0.94612 -0.35924 -0.091079 0.49827 0.25776 -0.35661 -0.35661 0.24787 -0.35661 0.49827 0.99715 -0.17382 -0.066224 -0.076663 0.99715 -0.091079 0.25076 0.52246 -0.1231 -0.36091 -0.17382 1 1 -0.34423 0.49928 -0.17382 -0.080486 0.95869 0.24787 0.99715 -0.33982 -0.056597 -0.061589 -0.35661 0.24787 0.49827 -0.061589 0.99429 -0.36091 -0.35661 0.99429 -0.072655 0.15821 0.99429 0.49827 -0.061589 1 0.22856 -0.066224 -0.072655 -0.22356 -0.25636 0.51873 -0.24531 0.44677 -0.14263 -0.35745 -0.35745
-0.020817 -0.020817 0.22856 0.21625 -0.082108 -0.020817 0.11498 -0.01707 -0.082683 -0.082683 0.056653 -0.082683 0.11498 0.22922 -0.039729 -0.015136 -0.017522 0.22922 -0.020817 -0.016606 0.11941 -0.028136 -0.082491 -0.039729 0.22856 0.22856 -0.078678 0.11521 -0.039729 -0.018396 0.2204 0.056653 0.22922 -0.078867 -0.012936 -0.014077 -0.082683 0.056653 0.11498 -0.014077 0.22987 -0.082491 -0.082683 0.22987 -0.016606 0.036162 0.22987 0.11498 -0.014077 0.22856 1 -0.015136 -0.016606 -0.051097 -0.058595 0.11965 -0.056067 -0.029587 -0.0326 -0.082874 -0.082874
-0.020817 -0.020817 -0.066224 -0.069995 -0.082108 -0.020817 -0.13165 -0.01707 -0.082683 -0.082683 0.056653 -0.082683 -0.13165 -0.066035 -0.039729 1 -0.017522 -0.066035 -0.020817 -0.016606 0.11941 -0.028136 -0.082491 -0.039729 -0.066224 -0.066224 0.19238 -0.13138 -0.039729 -0.018396 -0.068677 0.056653 -0.066035 0.19192 -0.012936 -0.014077 -0.082683 0.056653 -0.13165 -0.014077 -0.065846 -0.082491 -0.082683 -0.065846 -0.016606 0.036162 -0.065846 -0.13165 0.93001 -0.066224 -0.015136 1 -0.016606 -0.051097 -0.058595 0.11965 -0.056067 -0.029587 -0.0326 -0.082874 -0.082874
-0.022838 -0.022838 -0.072655 0.23724 -0.090081 -0.022838 -0.14443 -0.018727 -0.090712 -0.090712 0.062155 -0.090712 -0.14443 -0.072448 -0.043587 -0.016606 -0.019224 -0.072448 -0.022838 -0.018219 0.13101 0.5902 -0.090501 -0.043587 -0.072655 -0.072655 0.21106 -0.14414 -0.043587 -0.020182 -0.075346 0.062155 -0.072448 0.21056 -0.014192 -0.015444 -0.090712 0.062155 -0.14443 -0.015444 -0.07224 -0.090501 -0.090712 -0.07224 -0.018219 0.039673 -0.07224 -0.14443 -0.015444 -0.072655 -0.016606 -0.016606 1 -0.056059 -0.064285 0.13127 -0.061512 -0.03246 -0.035766 -0.090922 -0.090922
-0.070274 0.4074 -0.22356 -0.23629 -0.27718 -0.070274 -0.44441 -0.057624 -0.27912 -0.27912 0.19125 -0.27912 -0.44441 -0.22292 -0.13412 -0.051097 -0.059151 -0.22292 0.4074 -0.056059 0.40312 -0.094982 -0.27847 -0.13412 -0.22356 -0.22356 0.64945 -0.44353 -0.13412 0.36002 -0.14612 0.19125 -0.22292 0.64789 -0.043669 -0.047521 -0.27912 0.19125 -0.44441 -0.047521 -0.22228 -0.27847 -0.27912 -0.22228 0.32499 0.12207 -0.22228 -0.44441 -0.047521 -0.22356 -0.051097 -0.051097 -0.056059 1 -0.19058 0.40392 -0.18927 -0.09988 -0.11005 -0.27977 -0.27977
0.35527 -0.06502 -0.25636 -0.27096 0.70254 0.35527 0.43996 -0.06608 0.70314 0.70314 0.21931 0.70314 0.43996 -0.25563 -0.1538 -0.058595 0.29904 -0.25563 -0.06502 -0.064285 -0.48556 -0.10892 0.70478 -0.1538 -0.25636 -0.25636 -0.29893 0.44085 -0.1538 -0.071214 -0.25984 0.21931 -0.25563 -0.29967 -0.050077 -0.054494 0.70314 0.21931 0.43996 -0.054494 -0.2549 0.70478 0.70314 -0.2549 -0.064285 0.13999 -0.2549 0.43483 -0.054494 -0.25636 -0.058595 -0.058595 -0.064285 -0.19058 1 -0.48459 -0.21705 -0.11454 -0.1262 0.7015 0.7015
-0.17398 0.16456 0.51873 0.54406 -0.68623 -0.17398 -0.20721 0.13494 -0.69103 -0.69103 0.47349 -0.69103 -0.20721 0.52201 -0.33204 0.11965 -0.14644 0.52201 0.16456 0.13127 0.99801 0.22242 -0.68943 -0.33204 0.51873 0.51873 0.62194 -0.20513 -0.33204 0.14542 0.53354 0.47349 0.51723 0.62345 -0.10811 -0.11765 -0.69103 0.47349 -0.20721 -0.11765 0.52051 -0.68943 -0.69103 0.52051 0.13127 0.30222 0.52051 -0.20721 0.11128 0.51873 0.11965 0.11965 0.13127 0.40392 -0.48459 1 -0.46859 0.23388 -0.27246 -0.69263 -0.69263
-0.07711 -0.07711 -0.24531 -0.25928 -0.30414 -0.07711 -0.48764 -0.063229 -0.30627 -0.30627 -0.98965 -0.30627 -0.48764 -0.24461 0.69959 -0.056067 -0.064905 -0.24461 -0.07711 -0.061512 -0.46952 -0.10422 -0.30556 0.69959 -0.24531 -0.24531 -0.29144 -0.48667 0.69959 -0.068142 -0.25439 -0.98965 -0.24461 -0.29214 0.23072 0.25107 -0.30627 -0.98965 -0.48764 0.25107 -0.24391 -0.30556 -0.30627 -0.24391 -0.061512 -0.63523 -0.24391 -0.48764 -0.052143 -0.24531 -0.056067 -0.056067 -0.061512 -0.18927 -0.21705 -0.46859 1 -0.1096 0.52825 -0.30698 -0.30698
-0.040691 -0.040691 0.44677 0.4227 -0.1605 -0.040691 0.22475 -0.033366 -0.16162 -0.16162 0.11074 -0.16162 0.22475 0.44805 -0.077659 -0.029587 -0.034251 0.44805 -0.040691 -0.03246 0.23342 -0.054998 -0.16125 -0.077659 0.44677 0.44677 -0.15379 0.22519 -0.077659 -0.035959 0.43081 0.11074 0.44805 -0.15416 -0.025286 -0.027516 -0.16162 0.11074 0.22475 -0.027516 0.44934 -0.16125 -0.16162 0.44934 -0.03246 0.070686 0.44934 0.22475 -0.027516 0.44677 -0.029587 -0.029587 -0.03246 -0.09988 -0.11454 0.23388 -0.1096 1 -0.063723 -0.162 -0.162
-0.044835 -0.044835 -0.14263 -0.15075 -0.13337 -0.044835 -0.2433 -0.036764 -0.13472 -0.13472 -0.52259 -0.13472 -0.2433 -0.14222 0.75191 -0.0326 -0.037738 -0.14222 -0.044835 -0.035766 -0.273 -0.060599 -0.13427 0.75191 -0.14263 -0.14263 -0.16945 -0.24274 0.75191 -0.039621 -0.14791 -0.52259 -0.14222 -0.16986 -0.027861 -0.030318 -0.13472 -0.52259 -0.2433 -0.030318 -0.14182 -0.13427 -0.13472 -0.14182 -0.035766 0.077884 -0.14182 -0.2433 -0.030318 -0.14263 -0.0326 -0.0326 -0.035766 -0.11005 -0.1262 -0.27246 0.52825 -0.063723 1 -0.13517 -0.13517
0.25119 -0.11398 -0.35745 -0.37326 0.99075 0.25119 0.62522 -0.093461 0.99769 0.99769 0.30454 0.99769 0.62522 -0.36156 -0.21019 -0.082874 0.21143 -0.36156 -0.11398 -0.090922 -0.68972 -0.15405 0.99537 -0.21019 -0.35745 -0.35745 -0.43078 0.62218 -0.21019 -0.10072 -0.36594 0.30454 -0.35641 -0.43182 -0.070827 -0.077074 0.99769 0.30454 0.62522 -0.077074 -0.36052 0.99537 0.99769 -0.36052 -0.090922 0.19799 -0.36052 0.62092 -0.077074 -0.35745 -0.082874 -0.082874 -0.090922 -0.27977 0.7015 -0.69263 -0.30698 -0.162 -0.13517 1 1
0.25119 -0.11398 -0.35745 -0.37326 0.99075 0.25119 0.62522 -0.093461 0.99769 0.99769 0.30454 0.99769 0.62522 -0.36156 -0.21019 -0.082874 0.21143 -0.36156 -0.11398 -0.090922 -0.68972 -0.15405 0.99537 -0.21019 -0.35745 -0.35745 -0.43078 0.62218 -0.21019 -0.10072 -0.36594 0.30454 -0.35641 -0.43182 -0.070827 -0.077074 0.99769 0.30454 0.62522 -0.077074 -0.36052 0.99537 0.99769 -0.36052 -0.090922 0.19799 -0.36052 0.62092 -0.077074 -0.35745 -0.082874 -0.082874 -0.090922 -0.27977 0.7015 -0.69263 -0.30698 -0.162 -0.13517 1 1
