1 -0.027876 -0.078651 -0.017887 -0.26758 -0.048101 -0.017887 -0.082986 -0.10336 -0.10336 -0.06435 -0.082696 -0.082696 -0.082696 -0.036127 -0.26899 -0.13425 -0.034994 -0.13398 -0.11721 -0.13371 -0.017887 -0.082986 -0.082986 -0.131 -0.21092 -0.13398 -0.034994 -0.1348 -0.13453 -0.13262 -0.1036 -0.065491 -0.094638 -0.037596 -0.26829 -0.038314 -0.13154 0.10385 -0.1167 0.26758 0.26829 -0.11696 0.10385 0.108 -0.038669 -0.039021 -0.13235 0.26412 0.26829 -0.016437 -0.038314 -0.11696 -0.11721 -0.038314 -0.13208 -0.038669 -0.10409 -0.041759 -0.10458 -0.030117 -0.036127 -0.071244 0.22325 0.22275 0.23645 -0.017177 -0.10555 -0.11848 0.2359 -0.11772 -0.039371 -0.1157 -0.02169 0.19566 -0.094208 -0.098962 0.37374 0.12507 -0.026452 -0.094208 -0.026452 -0.026452 -0.052226 -0.0044349 -0.045323 -0.024957 -0.024957 -0.024957 -0.024957 -0.084694 0.35326 -0.079731 0.35326 0.15317 0.35326 0.35326 0.043084 -0.025962 0.3551 0.35696 -0.0051137 0.3551 -0.085766 -0.0051137 0.1415 -0.0051137 -0.0051137 -0.0051137 0.14451 -0.078959 -0.026934 0.14451 -0.026934 -0.020967 -0.078959 0.27217 0.3551 -0.086902 -0.0051137 -0.0051137 0.14417 -0.079216 0.27123 -0.079216 0.3551 0.27123 -0.043405 -0.0044349 -0.079216 0.14417 -0.079216 0.3551
-0.027876 1 0.21192 -0.020402 0.10418 0.57953 -0.020402 0.20554 -0.11789 -0.11789 0.23529 0.20596 0.20596 0.20596 -0.041206 0.10363 0.20764 -0.039913 0.20806 0.23783 0.20848 -0.020402 0.20554 0.20554 0.21279 0.10281 0.20806 -0.039913 0.20679 0.20721 0.21019 -0.11817 0.23328 -0.12012 -0.042881 0.1039 -0.0437 0.21192 0.11845 0.23886 -0.10418 -0.1039 0.23834 0.11845 0.12318 -0.044105 -0.044507 0.21062 -0.10554 -0.1039 -0.018748 -0.0437 0.23834 0.23783 -0.0437 0.21105 -0.044105 0.2678 -0.04763 0.26656 -0.034351 -0.041206 -0.08126 -0.12486 -0.11291 -0.11789 -0.019592 0.2641 0.23529 -0.11817 0.23681 -0.044906 0.24094 -0.02474 -0.14247 -0.10745 -0.12854 -0.06406 -0.18444 -0.030171 -0.10745 -0.030171 -0.030171 -0.059568 -0.039913 -0.051695 -0.028465 -0.028465 -0.028465 -0.028465 -0.12797 -0.06406 -0.10773 -0.06406 -0.15532 -0.06406 -0.06406 -0.36597 -0.029612 -0.063745 -0.06343 -0.040348 -0.063745 -0.12911 -0.040348 -0.16631 -0.040348 -0.040348 -0.040348 -0.16334 -0.10691 -0.030721 -0.16334 -0.030721 -0.051695 -0.10691 -0.0866 -0.063745 -0.11541 -0.040348 -0.040348 -0.16367 -0.10718 -0.086878 -0.10718 -0.063745 -0.086878 -0.049508 -0.039913 -0.10718 -0.16367 -0.10718 -0.063745
-0.078651 0.21192 1 -0.096274 0.47306 0.36567 -0.096274 0.96989 -0.55632 -0.55632 0.89649 0.97186 0.97186 0.97186 0.27465 0.47043 0.96347 0.26603 0.96546 0.89105 0.96337 -0.096274 0.96989 0.96989 0.98771 0.48515 0.96546 0.26603 0.9595 0.96148 0.97549 -0.54886 0.8917 0.11975 0.23256 0.47174 0.2389 0.96723 0.55017 0.87879 -0.46842 -0.46711 0.87651 0.5458 0.56401 0.22471 0.22795 0.96115 -0.47501 -0.46711 -0.08847 0.23017 0.87651 0.87423 0.23017 0.96317 0.23337 0.7782 0.17989 0.77319 -0.1621 -0.19444 0.52557 -0.34443 -0.34594 -0.3107 -0.09245 0.75892 0.85457 -0.30785 0.8571 0.21411 0.84157 -0.11674 -0.15925 0.54731 0.56322 -0.22619 0.49041 -0.1301 0.54731 -0.1301 -0.1301 -0.26095 0.2187 0.14085 -0.12136 -0.12136 -0.12136 -0.12136 0.56328 -0.23253 0.54021 -0.23253 0.43227 -0.23253 -0.23253 0.18961 -0.12725 -0.23078 -0.22902 0.22206 -0.23078 0.57166 0.22206 0.38434 0.22206 0.22206 0.22206 0.39595 0.53411 -0.084668 0.39595 -0.084668 0.12576 0.53411 -0.10057 -0.23078 0.4861 0.22206 0.22206 0.3942 0.53158 -0.09737 0.53158 -0.23078 -0.09737 -0.17882 0.22816 0.53158 0.3942 0.53158 -0.23078
-0.017887 -0.020402 -0.096274 1 0.066848 -0.035205 1 0.13189 -0.07565 -0.07565 -0.086712 0.13216 0.13216 0.13216 -0.026441 0.066497 0.13324 -0.025611 0.13351 -0.085784 0.13378 1 0.13189 0.13189 -0.09588 0.065972 0.13351 -0.025611 0.1327 0.13297 0.0099849 -0.075828 -0.087458 -0.029754 0.20477 0.04644 0.20038 0.010922 0.076005 -0.085415 -0.046641 -0.04644 -0.085599 0.076005 -0.033881 0.19826 0.19619 0.010219 -0.047644 -0.04644 -0.01203 0.20038 -0.085599 -0.085784 0.20038 0.010453 0.19826 -0.076183 0.18124 -0.076539 -0.022043 -0.026441 -0.052143 0.051001 0.05072 -0.056519 -0.012572 -0.077253 -0.086712 -0.056714 -0.086155 0.19417 -0.084677 -0.015875 0.034912 -0.06895 -0.08248 -0.041106 0.0049372 -0.01936 -0.06895 -0.01936 -0.01936 -0.038224 -0.025611 0.16429 -0.018266 -0.018266 -0.018266 -0.018266 -0.082116 -0.041106 -0.069126 -0.041106 -0.099665 -0.041106 -0.041106 0.055748 -0.019001 -0.040904 -0.040702 -0.02589 -0.040904 -0.082844 -0.02589 0.016804 -0.02589 -0.02589 -0.02589 -0.10481 -0.0686 -0.019713 -0.10481 -0.019713 -0.033172 -0.0686 -0.055569 -0.040904 -0.074055 -0.02589 -0.02589 -0.10502 -0.068775 -0.055748 -0.068775 -0.040904 -0.055748 -0.031768 -0.025611 -0.068775 -0.10502 -0.068775 -0.040904
-0.26758 0.10418 0.47306 0.066848 1 0.17976 0.066848 0.48379 0.38628 0.38628 0.4238 0.48737 0.48737 0.48737 0.13501 0.99476 0.50172 0.13078 0.5007 0.43803 0.49968 0.066848 0.48379 0.48379 0.48494 0.9869 0.5007 0.13078 0.49915 0.50274 0.49562 0.38719 0.41819 0.65832 0.1405 0.99213 0.14318 0.48232 -0.38809 0.42662 -0.98952 -0.98689 0.42757 -0.38809 -0.40361 0.13472 0.14583 0.48073 -0.97145 -0.98689 0.061429 0.14318 0.42757 0.42852 0.14318 0.48434 0.14451 0.37911 0.15606 0.37601 0.11255 -0.39554 0.25415 -0.81974 -0.82273 -0.86876 0.064193 0.38462 0.42854 -0.86671 0.43042 0.1375 0.42283 -0.23748 -0.67503 0.32626 0.33455 -0.51451 0.042592 -0.053758 0.32626 -0.053758 -0.053758 0.17999 0.10936 0.14378 -0.024016 -0.024016 -0.024016 -0.024016 0.34221 -0.52168 0.32203 -0.52168 0.0020337 -0.52168 -0.52168 -0.24988 -0.044189 -0.5183 -0.51491 0.111 -0.5183 0.34614 0.111 0.005003 0.111 0.111 0.111 -0.00090181 0.31923 -0.0084603 -0.00090181 -0.0084603 0.084045 0.31923 -0.36088 -0.5183 0.30809 0.111 0.111 0.00026412 0.32016 -0.35869 0.32016 -0.5183 -0.35869 -0.41326 0.10936 0.32016 0.00026412 0.32016 -0.5183
-0.048101 0.57953 0.36567 -0.035205 0.17976 1 -0.035205 0.35466 -0.20343 -0.20343 0.40599 0.35538 0.35538 0.35538 -0.071103 0.17882 0.35828 -0.068872 0.35901 0.41038 0.35259 -0.035205 0.35466 0.35466 0.36717 0.1774 0.35901 -0.068872 0.35683 0.35756 0.36269 -0.20391 0.40253 -0.037982 -0.073993 0.17929 -0.075406 0.36567 0.20439 0.41216 -0.17976 -0.17929 0.41127 0.20439 0.21255 -0.076105 -0.076799 0.36343 -0.18211 -0.17929 -0.032351 -0.075406 0.41127 0.41038 -0.075406 0.36418 -0.076105 0.4621 -0.082188 0.45995 -0.059274 -0.071103 -0.13085 -0.21546 -0.20842 -0.20343 -0.033806 0.45571 0.40599 -0.20391 0.40862 -0.077488 0.40096 -0.042689 -0.22409 0.18258 0.12115 -0.077194 0.02852 -0.052061 0.18258 -0.052061 -0.052061 -0.10279 -0.068872 -0.089202 -0.049118 -0.049118 -0.049118 -0.049118 0.13008 -0.088309 0.18168 -0.088309 0.081883 -0.088309 -0.088309 -0.18241 -0.051097 -0.087681 -0.08705 -0.053192 -0.087681 0.12714 -0.053192 0.060458 -0.053192 -0.053192 -0.053192 0.06607 0.18441 -0.053009 0.06607 -0.053009 -0.075978 0.18441 -0.12243 -0.087681 0.15751 -0.053192 -0.053192 0.065445 0.18349 -0.12297 0.18349 -0.087681 -0.12297 -0.085427 -0.05228 0.18349 0.065445 0.18349 -0.087681
-0.017887 -0.020402 -0.096274 1 0.066848 -0.035205 1 0.13189 -0.07565 -0.07565 -0.086712 0.13216 0.13216 0.13216 -0.026441 0.066497 0.13324 -0.025611 0.13351 -0.085784 0.13378 1 0.13189 0.13189 -0.09588 0.065972 0.13351 -0.025611 0.1327 0.13297 0.0099849 -0.075828 -0.087458 -0.029754 0.20477 0.04644 0.20038 0.010922 0.076005 -0.085415 -0.046641 -0.04644 -0.085599 0.076005 -0.033881 0.19826 0.19619 0.010219 -0.047644 -0.04644 -0.01203 0.20038 -0.085599 -0.085784 0.20038 0.010453 0.19826 -0.076183 0.18124 -0.076539 -0.022043 -0.026441 -0.052143 0.051001 0.05072 -0.056519 -0.012572 -0.077253 -0.086712 -0.056714 -0.086155 0.19417 -0.084677 -0.015875 0.034912 -0.06895 -0.08248 -0.041106 0.0049372 -0.01936 -0.06895 -0.01936 -0.01936 -0.038224 -0.025611 0.16429 -0.018266 -0.018266 -0.018266 -0.018266 -0.082116 -0.041106 -0.069126 -0.041106 -0.099665 -0.041106 -0.041106 0.055748 -0.019001 -0.040904 -0.040702 -0.02589 -0.040904 -0.082844 -0.02589 0.016804 -0.02589 -0.02589 -0.02589 -0.10481 -0.0686 -0.019713 -0.10481 -0.019713 -0.033172 -0.0686 -0.055569 -0.040904 -0.074055 -0.02589 -0.02589 -0.10502 -0.068775 -0.055748 -0.068775 -0.040904 -0.055748 -0.031768 -0.025611 -0.068775 -0.10502 -0.068775 -0.040904
-0.082986 0.20554 0.96989 0.13189 0.48379 0.35466 0.13189 1 -0.57358 -0.57358 0.87357 0.99797 0.99797 0.99797 0.26638 0.48108 0.98989 0.25802 0.98788 0.86422 0.98587 0.13189 1 1 0.96593 0.50021 0.98788 0.25802 0.98175 0.98379 0.96972 -0.56185 0.86443 0.11166 0.27721 0.47782 0.2825 0.96174 0.56321 0.85212 -0.47457 -0.47782 0.85399 0.56321 0.55637 0.2765 0.27062 0.96365 -0.486 -0.47782 -0.091216 0.27381 0.85399 0.85167 0.27381 0.95758 0.2765 0.75444 0.22736 0.7537 -0.16713 -0.20048 0.51467 -0.32969 -0.33127 -0.32041 -0.09532 0.7393 0.83602 -0.31763 0.83452 0.25638 0.81527 -0.12037 -0.14962 0.52655 0.53882 -0.23594 0.48505 -0.13458 0.52655 -0.13458 -0.13458 -0.26977 0.21091 0.1765 -0.12559 -0.12559 -0.12559 -0.12559 0.53898 -0.24225 0.51944 -0.24225 0.40397 -0.24225 -0.24225 0.20338 -0.13165 -0.24045 -0.23865 0.21418 -0.24045 0.54713 0.21418 0.3826 0.21418 0.21418 0.21418 0.36647 0.51351 -0.089454 0.36647 -0.089454 0.11643 0.51351 -0.11472 -0.24045 0.46869 0.21418 0.21418 0.36871 0.51549 -0.11158 0.51549 -0.24045 -0.11158 -0.17854 0.22034 0.51549 0.36871 0.51549 -0.24045
-0.10336 -0.11789 -0.55632 -0.07565 0.38628 -0.20343 -0.07565 -0.57358 1 1 -0.50107 -0.57242 -0.57242 -0.57242 -0.15279 0.38426 -0.56779 -0.148 -0.56663 -0.4957 -0.56548 -0.07565 -0.57358 -0.57358 -0.55404 0.38122 -0.56663 -0.148 -0.56136 -0.5602 -0.55213 0.98827 -0.49642 0.55177 -0.159 0.38527 -0.16204 -0.55632 -0.99064 -0.49357 -0.38628 -0.38527 -0.49464 -0.99064 -0.94783 -0.15427 -0.14664 -0.55536 -0.39134 -0.38527 -0.069518 -0.15269 -0.49464 -0.4912 -0.15269 -0.54983 -0.15427 -0.43554 -0.14195 -0.43761 0.29138 -0.15279 -0.30131 -0.45839 -0.45944 -0.43714 -0.052743 -0.41379 -0.46965 -0.43817 -0.47087 -0.15739 -0.45768 -0.091734 -0.47069 -0.24203 -0.32174 -0.19679 -0.51095 -0.098737 -0.24203 -0.098737 -0.098737 0.46932 -0.13786 -0.046258 -0.091667 -0.091667 -0.091667 -0.091667 -0.31486 -0.19679 -0.23834 -0.19679 -0.40141 -0.19679 -0.19679 -0.46804 -0.09643 -0.19547 -0.19414 -0.13957 -0.19547 -0.31951 -0.13957 -0.43905 -0.13957 -0.13957 -0.13957 -0.4278 -0.23473 -0.101 -0.4278 -0.101 -0.17553 -0.23473 -0.27712 -0.19547 -0.26687 -0.13957 -0.13957 -0.42904 -0.23593 -0.27824 -0.23593 -0.19547 -0.27824 -0.18357 -0.13786 -0.23593 -0.42904 -0.23593 -0.19547
-0.10336 -0.11789 -0.55632 -0.07565 0.38628 -0.20343 -0.07565 -0.57358 1 1 -0.50107 -0.57242 -0.57242 -0.57242 -0.15279 0.38426 -0.56779 -0.148 -0.56663 -0.4957 -0.56548 -0.07565 -0.57358 -0.57358 -0.55404 0.38122 -0.56663 -0.148 -0.56136 -0.5602 -0.55213 0.98827 -0.49642 0.55177 -0.159 0.38527 -0.16204 -0.55632 -0.99064 -0.49357 -0.38628 -0.38527 -0.49464 -0.99064 -0.94783 -0.15427 -0.14664 -0.55536 -0.39134 -0.38527 -0.069518 -0.15269 -0.49464 -0.4912 -0.15269 -0.54983 -0.15427 -0.43554 -0.14195 -0.43761 0.29138 -0.15279 -0.30131 -0.45839 -0.45944 -0.43714 -0.052743 -0.41379 -0.46965 -0.43817 -0.47087 -0.15739 -0.45768 -0.091734 -0.47069 -0.24203 -0.32174 -0.19679 -0.51095 -0.098737 -0.24203 -0.098737 -0.098737 0.46932 -0.13786 -0.046258 -0.091667 -0.091667 -0.091667 -0.091667 -0.31486 -0.19679 -0.23834 -0.19679 -0.40141 -0.19679 -0.19679 -0.46804 -0.09643 -0.19547 -0.19414 -0.13957 -0.19547 -0.31951 -0.13957 -0.43905 -0.13957 -0.13957 -0.13957 -0.4278 -0.23473 -0.101 -0.4278 -0.101 -0.17553 -0.23473 -0.27712 -0.19547 -0.26687 -0.13957 -0.13957 -0.42904 -0.23593 -0.27824 -0.23593 -0.19547 -0.27824 -0.18357 -0.13786 -0.23593 -0.42904 -0.23593 -0.19547
-0.06435 0.23529 0.89649 -0.086712 0.4238 0.40599 -0.086712 0.87357 -0.50107 -0.50107 1 0.87534 0.87534 0.87534 -0.17513 0.42143 0.86577 0.29536 0.86339 0.9893 0.861 -0.086712 0.87357 0.87357 0.8876 0.43696 0.86339 0.29536 0.85803 0.85981 0.87242 -0.48879 0.9872 0.25046 -0.18225 0.42262 -0.1768 0.86715 0.48998 0.97642 -0.41906 -0.41787 0.97856 0.48998 0.51029 -0.18745 -0.18037 0.86167 -0.42501 -0.41787 -0.079683 -0.18573 0.97856 0.97639 -0.18573 0.85931 -0.18745 0.86515 -0.19415 0.86481 -0.146 -0.17513 0.59039 -0.28019 -0.28157 -0.24971 -0.083268 0.85084 0.9571 -0.24663 0.9592 -0.19086 0.93766 -0.10515 -0.2922 0.59898 0.44187 -0.19439 0.4062 -0.11568 0.59898 -0.11568 -0.11568 -0.23256 -0.16964 0.17408 -0.10772 -0.10772 -0.10772 -0.10772 0.44131 -0.20088 0.5919 -0.20088 0.32801 -0.20088 -0.20088 0.14374 -0.11308 -0.19927 -0.19765 -0.16189 -0.19927 0.44678 -0.16189 0.28677 -0.16189 -0.16189 -0.16189 0.29664 0.5851 -0.06886 0.29664 -0.06886 -0.17338 0.5851 -0.27873 -0.19927 0.54166 -0.16189 -0.16189 0.29922 0.58737 -0.28009 0.58737 -0.19927 -0.28009 -0.16235 -0.15995 0.58737 0.29922 0.58737 -0.19927
-0.082696 0.20596 0.97186 0.13216 0.48737 0.35538 0.13216 0.99797 -0.57242 -0.57242 0.87534 1 1 1 0.26692 0.48467 0.9919 0.25854 0.98989 0.86598 0.98787 0.13216 0.99797 0.99797 0.96381 0.49919 0.98989 0.25854 0.98376 0.9858 0.9717 -0.56068 0.86621 0.1141 0.27777 0.4814 0.28307 0.96371 0.56204 0.85386 -0.47815 -0.47679 0.85573 0.56204 0.55514 0.26846 0.2712 0.96155 -0.48495 -0.47679 -0.091031 0.27439 0.85573 0.85342 0.27439 0.95955 0.27708 0.75599 0.22797 0.75526 -0.16679 -0.20007 0.51573 -0.33266 -0.33423 -0.32354 -0.095127 0.74087 0.83361 -0.32075 0.83628 0.25696 0.81699 -0.12012 -0.15218 0.52792 0.54043 -0.23528 0.48727 -0.13428 0.52792 -0.13428 -0.13428 -0.26918 0.21142 0.17713 -0.12531 -0.12531 -0.12531 -0.12531 0.54058 -0.2416 0.52081 -0.2416 0.40584 -0.2416 -0.2416 0.20246 -0.13135 -0.2398 -0.238 0.2147 -0.2398 0.54874 0.2147 0.38458 0.2147 0.2147 0.2147 0.36842 0.51486 -0.089134 0.36842 -0.089134 0.11704 0.51486 -0.11378 -0.2398 0.47013 0.2147 0.2147 0.37066 0.51685 -0.11064 0.51685 -0.2398 -0.11064 -0.18583 0.22085 0.51685 0.37066 0.51685 -0.2398
-0.082696 0.20596 0.97186 0.13216 0.48737 0.35538 0.13216 0.99797 -0.57242 -0.57242 0.87534 1 1 1 0.26692 0.48467 0.9919 0.25854 0.98989 0.86598 0.98787 0.13216 0.99797 0.99797 0.96381 0.49919 0.98989 0.25854 0.98376 0.9858 0.9717 -0.56068 0.86621 0.1141 0.27777 0.4814 0.28307 0.96371 0.56204 0.85386 -0.47815 -0.47679 0.85573 0.56204 0.55514 0.26846 0.2712 0.96155 -0.48495 -0.47679 -0.091031 0.27439 0.85573 0.85342 0.27439 0.95955 0.27708 0.75599 0.22797 0.75526 -0.16679 -0.20007 0.51573 -0.33266 -0.33423 -0.32354 -0.095127 0.74087 0.83361 -0.32075 0.83628 0.25696 0.81699 -0.12012 -0.15218 0.52792 0.54043 -0.23528 0.48727 -0.13428 0.52792 -0.13428 -0.13428 -0.26918 0.21142 0.17713 -0.12531 -0.12531 -0.12531 -0.12531 0.54058 -0.2416 0.52081 -0.2416 0.40584 -0.2416 -0.2416 0.20246 -0.13135 -0.2398 -0.238 0.2147 -0.2398 0.54874 0.2147 0.38458 0.2147 0.2147 0.2147 0.36842 0.51486 -0.089134 0.36842 -0.089134 0.11704 0.51486 -0.11378 -0.2398 0.47013 0.2147 0.2147 0.37066 0.51685 -0.11064 0.51685 -0.2398 -0.11064 -0.18583 0.22085 0.51685 0.37066 0.51685 -0.2398
-0.082696 0.20596 0.97186 0.13216 0.48737 0.35538 0.13216 0.99797 -0.57242 -0.57242 0.87534 1 1 1 0.26692 0.48467 0.9919 0.25854 0.98989 0.86598 0.98787 0.13216 0.99797 0.99797 0.96381 0.49919 0.98989 0.25854 0.98376 0.9858 0.9717 -0.56068 0.86621 0.1141 0.27777 0.4814 0.28307 0.96371 0.56204 0.85386 -0.47815 -0.47679 0.85573 0.56204 0.55514 0.26846 0.2712 0.96155 -0.48495 -0.47679 -0.091031 0.27439 0.85573 0.85342 0.27439 0.95955 0.27708 0.75599 0.22797 0.75526 -0.16679 -0.20007 0.51573 -0.33266 -0.33423 -0.32354 -0.095127 0.74087 0.83361 -0.32075 0.83628 0.25696 0.81699 -0.12012 -0.15218 0.52792 0.54043 -0.23528 0.48727 -0.13428 0.52792 -0.13428 -0.13428 -0.26918 0.21142 0.17713 -0.12531 -0.12531 -0.12531 -0.12531 0.54058 -0.2416 0.52081 -0.2416 0.40584 -0.2416 -0.2416 0.20246 -0.13135 -0.2398 -0.238 0.2147 -0.2398 0.54874 0.2147 0.38458 0.2147 0.2147 0.2147 0.36842 0.51486 -0.089134 0.36842 -0.089134 0.11704 0.51486 -0.11378 -0.2398 0.47013 0.2147 0.2147 0.37066 0.51685 -0.11064 0.51685 -0.2398 -0.11064 -0.18583 0.22085 0.51685 0.37066 0.51685 -0.2398
-0.036127 -0.041206 0.27465 -0.026441 0.13501 -0.071103 -0.026441 0.26638 -0.15279 -0.15279 -0.17513 0.26692 0.26692 0.26692 1 0.1343 0.2691 -0.051727 0.26965 -0.17326 0.27019 -0.026441 0.26638 0.26638 0.27577 0.13324 0.26965 -0.051727 0.268 0.26855 0.27241 -0.15315 -0.16725 -0.27691 0.92107 0.13466 0.92333 0.26545 0.15351 -0.17251 -0.13501 -0.13466 -0.17288 0.15351 0.14995 0.91483 0.90655 0.27297 -0.13678 -0.13466 -0.024298 0.92333 -0.17288 -0.17326 0.92333 0.27352 0.93427 -0.15387 0.84695 -0.15459 -0.044519 -0.053403 -0.10531 -0.16182 -0.16219 -0.15279 -0.025391 -0.15603 -0.17513 -0.15315 -0.17401 0.89847 -0.17102 -0.032063 0.27993 -0.08801 0.29192 -0.083022 0.20527 -0.039101 -0.08801 -0.039101 -0.039101 -0.0772 0.86234 -0.066997 -0.036891 -0.036891 -0.036891 -0.036891 0.2933 -0.083022 -0.088425 -0.083022 0.247 -0.083022 -0.083022 0.11259 -0.038377 -0.082614 -0.082205 0.85287 -0.082614 0.30009 0.85287 0.2296 0.85287 0.85287 0.85287 0.23408 -0.087179 -0.039814 0.23408 -0.039814 0.66155 -0.087179 0.38358 -0.082614 -0.089966 0.85287 0.85287 0.23358 -0.087595 0.39374 -0.087595 -0.082614 0.39374 -0.046584 0.86234 -0.087595 0.23358 -0.087595 -0.082614
-0.26899 0.10363 0.47043 0.066497 0.99476 0.17882 0.066497 0.48108 0.38426 0.38426 0.42143 0.48467 0.48467 0.48467 0.1343 1 0.49909 0.13009 0.49808 0.43573 0.49707 0.066497 0.48108 0.48108 0.48236 0.98152 0.49808 0.13009 0.4965 0.50011 0.49303 0.38516 0.41578 0.65454 0.13977 0.98685 0.14243 0.47972 -0.38606 0.42431 -0.98425 -0.98159 0.42525 -0.38606 -0.40149 0.13394 0.14506 0.4781 -0.96624 -0.98159 0.061107 0.14243 0.42525 0.4262 0.14243 0.48173 0.14375 0.37704 0.15524 0.37392 0.11196 -0.39763 0.25273 -0.81533 -0.81834 -0.86409 0.063857 0.38253 0.42618 -0.86205 0.42809 0.1367 0.42054 -0.23873 -0.67106 0.32435 0.33212 -0.5103 0.047126 -0.054672 0.32435 -0.054672 -0.054672 0.17893 0.10862 0.14283 -0.024809 -0.024809 -0.024809 -0.024809 0.33981 -0.51749 0.3201 -0.51749 0.0026727 -0.51749 -0.51749 -0.2483 -0.045063 -0.51407 -0.51788 0.11025 -0.51407 0.34373 0.11025 0.0099225 0.11025 0.11025 0.11025 -0.0005023 0.31731 -0.0092707 -0.0005023 -0.0092707 0.082937 0.31731 -0.35822 -0.51407 0.30593 0.11025 0.11025 0.00065745 0.31824 -0.35604 0.31824 -0.51407 -0.35604 -0.4156 0.10862 0.31824 0.00065745 0.31824 -0.51407
-0.13425 0.20764 0.96347 0.13324 0.50172 0.35828 0.13324 0.98989 -0.56779 -0.56779 0.86577 0.9919 0.9919 0.9919 0.2691 0.49909 1 0.26065 0.99797 0.87305 0.99594 0.13324 0.98989 0.98989 0.9717 0.49515 0.99797 0.26065 0.99188 0.9939 0.97969 -0.55602 0.85673 0.10752 0.28004 0.49579 0.28538 0.97163 0.55737 0.86089 -0.49249 -0.49116 0.86278 0.55737 0.55025 0.27077 0.27354 0.96952 -0.49912 -0.49116 -0.090294 0.27668 0.86278 0.86047 0.27668 0.9675 0.2794 0.76225 0.23039 0.76155 -0.16544 -0.19845 0.52001 -0.34454 -0.34609 -0.3361 -0.094357 0.74719 0.84071 -0.33327 0.84333 0.25929 0.82392 -0.11915 -0.16243 0.5334 0.54687 -0.25796 0.48007 -0.13308 0.5334 -0.13308 -0.13308 -0.26681 0.21348 0.17968 -0.12417 -0.12417 -0.12417 -0.12417 0.547 -0.26428 0.52629 -0.26428 0.39709 -0.26428 -0.26428 0.19879 -0.13017 -0.26259 -0.2609 0.21678 -0.26259 0.55522 0.21678 0.37642 0.21678 0.21678 0.21678 0.36007 0.5203 -0.087855 0.36007 -0.087855 0.11951 0.5203 -0.13048 -0.26259 0.4759 0.21678 0.21678 0.36234 0.5223 -0.12728 0.5223 -0.26259 -0.12728 -0.18382 0.22291 0.5223 0.36234 0.5223 -0.26259
-0.034994 -0.039913 0.26603 -0.025611 0.13078 -0.068872 -0.025611 0.25802 -0.148 -0.148 0.29536 0.25854 0.25854 0.25854 -0.051727 0.13009 0.26065 1 0.26118 0.29856 0.26172 -0.025611 0.25802 0.25802 0.26712 0.12906 0.26118 1 0.2596 0.26012 0.26386 -0.12809 0.29284 0.12993 -0.053831 0.13043 -0.054858 0.2471 0.12846 0.28039 -0.13078 -0.13043 0.27976 0.12846 0.13469 -0.055367 -0.055871 0.24549 -0.13249 -0.13043 -0.023535 -0.054858 0.27976 0.27912 -0.054858 0.24602 -0.055367 0.31596 -0.059792 0.31444 -0.043122 -0.051727 0.46646 -0.15675 -0.1571 -0.148 -0.024594 0.31142 0.27599 -0.14834 0.27786 -0.056373 0.28296 -0.031057 -0.16929 0.3398 0.28103 -0.080417 0.19773 -0.037875 0.3398 -0.037875 -0.037875 -0.074778 -0.050104 -0.012584 -0.035733 -0.035733 -0.035733 -0.035733 0.27252 -0.080417 0.32836 -0.080417 0.21931 -0.080417 -0.080417 0.097218 -0.037173 -0.080022 -0.079625 -0.05065 -0.080022 0.26988 -0.05065 0.2026 -0.05065 -0.05065 -0.05065 0.20691 0.28876 0.072918 0.20691 0.072918 0.0048533 0.28876 -0.061245 -0.080022 0.30495 -0.05065 -0.05065 0.20642 0.28791 -0.061688 0.28791 -0.080022 -0.061688 -0.062149 -0.050104 0.28791 0.20642 0.28791 -0.080022
-0.13398 0.20806 0.96546 0.13351 0.5007 0.35901 0.13351 0.98788 -0.56663 -0.56663 0.86339 0.98989 0.98989 0.98989 0.26965 0.49808 0.99797 0.26118 1 0.87482 0.99797 0.13351 0.98788 0.98788 0.9696 0.49414 1 0.26118 0.99392 0.99594 0.9817 -0.55923 0.85853 0.10587 0.28061 0.49477 0.28597 0.97362 0.56057 0.86266 -0.49147 -0.49014 0.86035 0.5562 0.54903 0.27135 0.27412 0.96744 -0.49808 -0.49014 -0.090111 0.27726 0.86035 0.85806 0.27726 0.9695 0.27998 0.76383 0.22293 0.75878 -0.1651 -0.19805 0.51576 -0.34324 -0.34479 -0.33487 -0.094165 0.74444 0.83831 -0.33204 0.84092 0.25988 0.82566 -0.11891 -0.16087 0.53477 0.54849 -0.25731 0.4823 -0.13278 0.53477 -0.13278 -0.13278 -0.26622 0.21399 0.18031 -0.12389 -0.12389 -0.12389 -0.12389 0.54861 -0.26364 0.52767 -0.26364 0.39896 -0.26364 -0.26364 0.19787 -0.12988 -0.26195 -0.26027 0.2173 -0.26195 0.55685 0.2173 0.37841 0.2173 0.2173 0.2173 0.36203 0.52167 -0.087535 0.36203 -0.087535 0.12013 0.52167 -0.12954 -0.26195 0.47294 0.2173 0.2173 0.36026 0.51912 -0.12634 0.51912 -0.26195 -0.12634 -0.18332 0.22343 0.51912 0.36026 0.51912 -0.26195
-0.11721 0.23783 0.89105 -0.085784 0.43803 0.41038 -0.085784 0.86422 -0.4957 -0.4957 0.9893 0.86598 0.86598 0.86598 -0.17326 0.43573 0.87305 0.29856 0.87482 1 0.87241 -0.085784 0.86422 0.86422 0.89471 0.43229 0.87482 0.29856 0.8695 0.87127 0.88379 -0.48787 0.98087 0.24257 -0.1803 0.43688 -0.17479 0.87844 0.48905 0.98705 -0.43327 -0.43212 0.98489 0.48455 0.50465 -0.18545 -0.17832 0.8688 -0.43904 -0.43212 -0.078831 -0.18375 0.98489 0.98274 -0.18375 0.8706 -0.18545 0.87461 -0.20027 0.86982 -0.14444 -0.17326 0.59137 -0.2914 -0.29276 -0.26161 -0.082378 0.85589 0.96349 -0.25849 0.96553 -0.18882 0.94811 -0.10402 -0.30178 0.60699 0.45064 -0.21728 0.40154 -0.11427 0.60699 -0.11427 -0.11427 -0.22979 -0.16782 0.17759 -0.10638 -0.10638 -0.10638 -0.10638 0.45005 -0.22379 0.59991 -0.22379 0.32128 -0.22379 -0.22379 0.13912 -0.11169 -0.22229 -0.22079 -0.16003 -0.22229 0.4556 -0.16003 0.28067 -0.16003 -0.16003 -0.16003 0.29038 0.59304 -0.06728 0.29038 -0.06728 -0.1709 0.59304 -0.29561 -0.22229 0.54543 -0.16003 -0.16003 0.28883 0.59064 -0.29692 0.59064 -0.22229 -0.29692 -0.15996 -0.15811 0.59064 0.28883 0.59064 -0.22229
-0.13371 0.20848 0.96337 0.13378 0.49968 0.35259 0.13378 0.98587 -0.56548 -0.56548 0.861 0.98787 0.98787 0.98787 0.27019 0.49707 0.99594 0.26172 0.99797 0.87241 1 0.13378 0.98587 0.98587 0.96751 0.49314 0.99797 0.26172 0.99189 0.99391 0.97964 -0.55807 0.85616 0.10423 0.28118 0.49375 0.28655 0.97154 0.55941 0.86023 -0.49044 -0.48912 0.85793 0.55504 0.54781 0.27194 0.27471 0.96537 -0.49705 -0.48912 -0.089927 0.27784 0.85793 0.85564 0.27784 0.96742 0.28057 0.76105 0.22353 0.75601 -0.16477 -0.19765 0.51684 -0.34194 -0.34348 -0.33364 -0.093973 0.74169 0.83592 -0.33082 0.83851 0.26047 0.8232 -0.11867 -0.15931 0.5316 0.54587 -0.25667 0.48051 -0.13248 0.5316 -0.13248 -0.13248 -0.26563 0.21451 0.18095 -0.12361 -0.12361 -0.12361 -0.12361 0.54598 -0.263 0.5245 -0.263 0.39678 -0.263 -0.263 0.19695 -0.12958 -0.26132 -0.25963 0.21782 -0.26132 0.55425 0.21782 0.37637 0.21782 0.21782 0.21782 0.35995 0.51848 -0.087216 0.35995 -0.087216 0.12076 0.51848 -0.1286 -0.26132 0.46998 0.21782 0.21782 0.35818 0.51593 -0.1254 0.51593 -0.26132 -0.1254 -0.18282 0.22395 0.51593 0.35818 0.51593 -0.26132
-0.017887 -0.020402 -0.096274 1 0.066848 -0.035205 1 0.13189 -0.07565 -0.07565 -0.086712 0.13216 0.13216 0.13216 -0.026441 0.066497 0.13324 -0.025611 0.13351 -0.085784 0.13378 1 0.13189 0.13189 -0.09588 0.065972 0.13351 -0.025611 0.1327 0.13297 0.0099849 -0.075828 -0.087458 -0.029754 0.20477 0.04644 0.20038 0.010922 0.076005 -0.085415 -0.046641 -0.04644 -0.085599 0.076005 -0.033881 0.19826 0.19619 0.010219 -0.047644 -0.04644 -0.01203 0.20038 -0.085599 -0.085784 0.20038 0.010453 0.19826 -0.076183 0.18124 -0.076539 -0.022043 -0.026441 -0.052143 0.051001 0.05072 -0.056519 -0.012572 -0.077253 -0.086712 -0.056714 -0.086155 0.19417 -0.084677 -0.015875 0.034912 -0.06895 -0.08248 -0.041106 0.0049372 -0.01936 -0.06895 -0.01936 -0.01936 -0.038224 -0.025611 0.16429 -0.018266 -0.018266 -0.018266 -0.018266 -0.082116 -0.041106 -0.069126 -0.041106 -0.099665 -0.041106 -0.041106 0.055748 -0.019001 -0.040904 -0.040702 -0.02589 -0.040904 -0.082844 -0.02589 0.016804 -0.02589 -0.02589 -0.02589 -0.10481 -0.0686 -0.019713 -0.10481 -0.019713 -0.033172 -0.0686 -0.055569 -0.040904 -0.074055 -0.02589 -0.02589 -0.10502 -0.068775 -0.055748 -0.068775 -0.040904 -0.055748 -0.031768 -0.025611 -0.068775 -0.10502 -0.068775 -0.040904
-0.082986 0.20554 0.96989 0.13189 0.48379 0.35466 0.13189 1 -0.57358 -0.57358 0.87357 0.99797 0.99797 0.99797 0.26638 0.48108 0.98989 0.25802 0.98788 0.86422 0.98587 0.13189 1 1 0.96593 0.50021 0.98788 0.25802 0.98175 0.98379 0.96972 -0.56185 0.86443 0.11166 0.27721 0.47782 0.2825 0.96174 0.56321 0.85212 -0.47457 -0.47782 0.85399 0.56321 0.55637 0.2765 0.27062 0.96365 -0.486 -0.47782 -0.091216 0.27381 0.85399 0.85167 0.27381 0.95758 0.2765 0.75444 0.22736 0.7537 -0.16713 -0.20048 0.51467 -0.32969 -0.33127 -0.32041 -0.09532 0.7393 0.83602 -0.31763 0.83452 0.25638 0.81527 -0.12037 -0.14962 0.52655 0.53882 -0.23594 0.48505 -0.13458 0.52655 -0.13458 -0.13458 -0.26977 0.21091 0.1765 -0.12559 -0.12559 -0.12559 -0.12559 0.53898 -0.24225 0.51944 -0.24225 0.40397 -0.24225 -0.24225 0.20338 -0.13165 -0.24045 -0.23865 0.21418 -0.24045 0.54713 0.21418 0.3826 0.21418 0.21418 0.21418 0.36647 0.51351 -0.089454 0.36647 -0.089454 0.11643 0.51351 -0.11472 -0.24045 0.46869 0.21418 0.21418 0.36871 0.51549 -0.11158 0.51549 -0.24045 -0.11158 -0.17854 0.22034 0.51549 0.36871 0.51549 -0.24045
-0.082986 0.20554 0.96989 0.13189 0.48379 0.35466 0.13189 1 -0.57358 -0.57358 0.87357 0.99797 0.99797 0.99797 0.26638 0.48108 0.98989 0.25802 0.98788 0.86422 0.98587 0.13189 1 1 0.96593 0.50021 0.98788 0.25802 0.98175 0.98379 0.96972 -0.56185 0.86443 0.11166 0.27721 0.47782 0.2825 0.96174 0.56321 0.85212 -0.47457 -0.47782 0.85399 0.56321 0.55637 0.2765 0.27062 0.96365 -0.486 -0.47782 -0.091216 0.27381 0.85399 0.85167 0.27381 0.95758 0.2765 0.75444 0.22736 0.7537 -0.16713 -0.20048 0.51467 -0.32969 -0.33127 -0.32041 -0.09532 0.7393 0.83602 -0.31763 0.83452 0.25638 0.81527 -0.12037 -0.14962 0.52655 0.53882 -0.23594 0.48505 -0.13458 0.52655 -0.13458 -0.13458 -0.26977 0.21091 0.1765 -0.12559 -0.12559 -0.12559 -0.12559 0.53898 -0.24225 0.51944 -0.24225 0.40397 -0.24225 -0.24225 0.20338 -0.13165 -0.24045 -0.23865 0.21418 -0.24045 0.54713 0.21418 0.3826 0.21418 0.21418 0.21418 0.36647 0.51351 -0.089454 0.36647 -0.089454 0.11643 0.51351 -0.11472 -0.24045 0.46869 0.21418 0.21418 0.36871 0.51549 -0.11158 0.51549 -0.24045 -0.11158 -0.17854 0.22034 0.51549 0.36871 0.51549 -0.24045
-0.131 0.21279 0.98771 -0.09588 0.48494 0.36717 -0.09588 0.96593 -0.55404 -0.55404 0.8876 0.96381 0.96381 0.96381 0.27577 0.48236 0.9717 0.26712 0.9696 0.89471 0.96751 -0.09588 0.96593 0.96593 1 0.48316 0.9696 0.26712 0.96366 0.96564 0.97961 -0.54219 0.87868 0.11236 0.23369 0.48365 0.24006 0.97132 0.5435 0.88243 -0.4803 -0.48365 0.88436 0.5435 0.56162 0.23453 0.22912 0.97344 -0.49138 -0.48365 -0.088108 0.23133 0.88436 0.88209 0.23133 0.96727 0.23453 0.78144 0.18919 0.78081 -0.16143 -0.19365 0.53314 -0.35474 -0.35624 -0.32142 -0.092072 0.76654 0.86663 -0.31855 0.86496 0.21528 0.84515 -0.11626 -0.16856 0.55013 0.56653 -0.25028 0.47877 -0.12951 0.55013 -0.12951 -0.12951 -0.25978 0.21976 0.14212 -0.1208 -0.1208 -0.1208 -0.1208 0.56658 -0.25663 0.54304 -0.25663 0.41978 -0.25663 -0.25663 0.18778 -0.12667 -0.25498 -0.25333 0.22313 -0.25498 0.57499 0.22313 0.37219 0.22313 0.22313 0.22313 0.38371 0.53691 -0.084032 0.38371 -0.084032 0.12702 0.53691 -0.11923 -0.25498 0.49349 0.22313 0.22313 0.38603 0.53896 -0.11598 0.53896 -0.25498 -0.11598 -0.16999 0.22923 0.53896 0.38603 0.53896 -0.25498
-0.21092 0.10281 0.48515 0.065972 0.9869 0.1774 0.065972 0.50021 0.38122 0.38122 0.43696 0.49919 0.49919 0.49919 0.13324 0.98152 0.49515 0.12906 0.49414 0.43229 0.49314 0.065972 0.50021 0.50021 0.48316 1 0.49414 0.12906 0.49252 0.49616 0.48913 0.38211 0.4312 0.66755 0.13866 0.97893 0.14131 0.47582 -0.38301 0.42084 -0.97635 -0.97893 0.42178 -0.38301 -0.39832 0.14262 0.14392 0.47882 -0.96366 -0.97893 0.060625 0.14131 0.42178 0.42272 0.14131 0.47782 0.14262 0.37395 0.15402 0.37079 0.11108 -0.40079 0.25059 -0.80871 -0.81176 -0.85709 0.063352 0.37939 0.42742 -0.85506 0.4246 0.13551 0.4171 -0.24063 -0.66509 0.32148 0.32847 -0.49314 0.049378 -0.056054 0.32148 -0.056054 -0.056054 0.17733 0.10751 0.14139 -0.026007 -0.026007 -0.026007 -0.026007 0.33621 -0.50035 0.3172 -0.50035 0.010595 -0.50035 -0.50035 -0.24593 -0.046386 -0.49682 -0.49328 0.10913 -0.49682 0.3401 0.10913 0.012745 0.10913 0.10913 0.10913 0.0070188 0.31444 -0.010495 0.0070188 -0.010495 0.081267 0.31444 -0.34544 -0.49682 0.30268 0.10913 0.10913 0.0081681 0.31536 -0.3433 0.31536 -0.49682 -0.3433 -0.41025 0.10751 0.31536 0.0081681 0.31536 -0.49682
-0.13398 0.20806 0.96546 0.13351 0.5007 0.35901 0.13351 0.98788 -0.56663 -0.56663 0.86339 0.98989 0.98989 0.98989 0.26965 0.49808 0.99797 0.26118 1 0.87482 0.99797 0.13351 0.98788 0.98788 0.9696 0.49414 1 0.26118 0.99392 0.99594 0.9817 -0.55923 0.85853 0.10587 0.28061 0.49477 0.28597 0.97362 0.56057 0.86266 -0.49147 -0.49014 0.86035 0.5562 0.54903 0.27135 0.27412 0.96744 -0.49808 -0.49014 -0.090111 0.27726 0.86035 0.85806 0.27726 0.9695 0.27998 0.76383 0.22293 0.75878 -0.1651 -0.19805 0.51576 -0.34324 -0.34479 -0.33487 -0.094165 0.74444 0.83831 -0.33204 0.84092 0.25988 0.82566 -0.11891 -0.16087 0.53477 0.54849 -0.25731 0.4823 -0.13278 0.53477 -0.13278 -0.13278 -0.26622 0.21399 0.18031 -0.12389 -0.12389 -0.12389 -0.12389 0.54861 -0.26364 0.52767 -0.26364 0.39896 -0.26364 -0.26364 0.19787 -0.12988 -0.26195 -0.26027 0.2173 -0.26195 0.55685 0.2173 0.37841 0.2173 0.2173 0.2173 0.36203 0.52167 -0.087535 0.36203 -0.087535 0.12013 0.52167 -0.12954 -0.26195 0.47294 0.2173 0.2173 0.36026 0.51912 -0.12634 0.51912 -0.26195 -0.12634 -0.18332 0.22343 0.51912 0.36026 0.51912 -0.26195
-0.034994 -0.039913 0.26603 -0.025611 0.13078 -0.068872 -0.025611 0.25802 -0.148 -0.148 0.29536 0.25854 0.25854 0.25854 -0.051727 0.13009 0.26065 1 0.26118 0.29856 0.26172 -0.025611 0.25802 0.25802 0.26712 0.12906 0.26118 1 0.2596 0.26012 0.26386 -0.12809 0.29284 0.12993 -0.053831 0.13043 -0.054858 0.2471 0.12846 0.28039 -0.13078 -0.13043 0.27976 0.12846 0.13469 -0.055367 -0.055871 0.24549 -0.13249 -0.13043 -0.023535 -0.054858 0.27976 0.27912 -0.054858 0.24602 -0.055367 0.31596 -0.059792 0.31444 -0.043122 -0.051727 0.46646 -0.15675 -0.1571 -0.148 -0.024594 0.31142 0.27599 -0.14834 0.27786 -0.056373 0.28296 -0.031057 -0.16929 0.3398 0.28103 -0.080417 0.19773 -0.037875 0.3398 -0.037875 -0.037875 -0.074778 -0.050104 -0.012584 -0.035733 -0.035733 -0.035733 -0.035733 0.27252 -0.080417 0.32836 -0.080417 0.21931 -0.080417 -0.080417 0.097218 -0.037173 -0.080022 -0.079625 -0.05065 -0.080022 0.26988 -0.05065 0.2026 -0.05065 -0.05065 -0.05065 0.20691 0.28876 0.072918 0.20691 0.072918 0.0048533 0.28876 -0.061245 -0.080022 0.30495 -0.05065 -0.05065 0.20642 0.28791 -0.061688 0.28791 -0.080022 -0.061688 -0.062149 -0.050104 0.28791 0.20642 0.28791 -0.080022
-0.1348 0.20679 0.9595 0.1327 0.49915 0.35683 0.1327 0.98175 -0.56136 -0.56136 0.85803 0.98376 0.98376 0.98376 0.268 0.4965 0.99188 0.2596 0.99392 0.8695 0.99189 0.1327 0.98175 0.98175 0.96366 0.49252 0.99392 0.2596 1 0.99797 0.98384 -0.56271 0.86147 0.10672 0.2789 0.49321 0.28423 0.96766 0.55534 0.85737 -0.48992 -0.48859 0.85506 0.55098 0.5441 0.26961 0.27237 0.96145 -0.49661 -0.48859 -0.090662 0.27553 0.85506 0.85275 0.27553 0.96351 0.27824 0.75912 0.22111 0.75405 -0.16611 -0.19926 0.51254 -0.34287 -0.34443 -0.33418 -0.094741 0.73968 0.83298 -0.33137 0.83561 0.25812 0.82045 -0.11964 -0.16142 0.53065 0.54364 -0.25293 0.47965 -0.13368 0.53065 -0.13368 -0.13368 -0.25462 0.21245 0.1784 -0.12474 -0.12474 -0.12474 -0.12474 0.54378 -0.25924 0.52354 -0.25924 0.3974 -0.25924 -0.25924 0.19042 -0.13076 -0.25753 -0.25581 0.21574 -0.25753 0.55198 0.21574 0.37647 0.21574 0.21574 0.21574 0.36021 0.51758 -0.088494 0.36021 -0.088494 0.11828 0.51758 -0.12724 -0.25753 0.4686 0.21574 0.21574 0.35843 0.51502 -0.12406 0.51502 -0.25753 -0.12406 -0.18482 0.22188 0.51502 0.35843 0.51502 -0.25753
-0.13453 0.20721 0.96148 0.13297 0.50274 0.35756 0.13297 0.98379 -0.5602 -0.5602 0.85981 0.9858 0.9858 0.9858 0.26855 0.50011 0.9939 0.26012 0.99594 0.87127 0.99391 0.13297 0.98379 0.98379 0.96564 0.49616 0.99594 0.26012 0.99797 1 0.98584 -0.56155 0.86326 0.10916 0.27947 0.49681 0.2848 0.96964 0.55417 0.85913 -0.49351 -0.49218 0.85682 0.54981 0.54287 0.27019 0.27295 0.96344 -0.50016 -0.49218 -0.090478 0.27611 0.85682 0.85452 0.27611 0.9655 0.27882 0.76068 0.22172 0.75562 -0.16578 -0.19886 0.51361 -0.34585 -0.3474 -0.33732 -0.094549 0.74127 0.83475 -0.33451 0.83738 0.25871 0.82218 -0.11939 -0.16398 0.53202 0.54526 -0.2586 0.47785 -0.13338 0.53202 -0.13338 -0.13338 -0.25402 0.21296 0.17904 -0.12446 -0.12446 -0.12446 -0.12446 0.54539 -0.26492 0.52492 -0.26492 0.39521 -0.26492 -0.26492 0.18949 -0.13046 -0.26323 -0.26154 0.21626 -0.26323 0.5536 0.21626 0.37443 0.21626 0.21626 0.21626 0.35812 0.51894 -0.088174 0.35812 -0.088174 0.11889 0.51894 -0.13141 -0.26323 0.47005 0.21626 0.21626 0.35634 0.51638 -0.12822 0.51638 -0.26323 -0.12822 -0.18432 0.2224 0.51638 0.35634 0.51638 -0.26323
-0.13262 0.21019 0.97549 0.0099849 0.49562 0.36269 0.0099849 0.96972 -0.55213 -0.55213 0.87242 0.9717 0.9717 0.9717 0.27241 0.49303 0.97969 0.26386 0.9817 0.88379 0.97964 0.0099849 0.96972 0.96972 0.97961 0.48913 0.9817 0.26386 0.98384 0.98584 1 -0.55345 0.87597 0.10173 0.28348 0.49433 0.2889 0.98367 0.54603 0.87157 -0.491 -0.48969 0.86928 0.54166 0.56019 0.27428 0.27708 0.97753 -0.49752 -0.48969 -0.089197 0.28018 0.86928 0.86699 0.28018 0.97957 0.28293 0.77177 0.22598 0.76674 -0.16343 -0.19604 0.52118 -0.36676 -0.36827 -0.33313 -0.09321 0.75244 0.8473 -0.33028 0.84987 0.26284 0.83445 -0.1177 -0.182 0.54171 0.55664 -0.25411 0.46528 -0.13129 0.54171 -0.13129 -0.13129 -0.24988 0.2166 0.18353 -0.12248 -0.12248 -0.12248 -0.12248 0.55673 -0.26044 0.53461 -0.26044 0.40838 -0.26044 -0.26044 0.18304 -0.12841 -0.25877 -0.2571 0.21993 -0.25877 0.56504 0.21993 0.36014 0.21993 0.21993 0.21993 0.37184 0.52855 -0.085941 0.37184 -0.085941 0.12325 0.52855 -0.12486 -0.25877 0.48022 0.21993 0.21993 0.37008 0.52601 -0.12163 0.52601 -0.25877 -0.12163 -0.18082 0.22605 0.52601 0.37008 0.52601 -0.25877
-0.1036 -0.11817 -0.54886 -0.075828 0.38719 -0.20391 -0.075828 -0.56185 0.98827 0.98827 -0.48879 -0.56068 -0.56068 -0.56068 -0.15315 0.38516 -0.55602 -0.12809 -0.55923 -0.48787 -0.55807 -0.075828 -0.56185 -0.56185 -0.54219 0.38211 -0.55923 -0.12809 -0.56271 -0.56155 -0.55345 1 -0.49761 0.55307 -0.15938 0.38617 -0.16242 -0.55762 -0.99298 -0.49473 -0.38719 -0.38617 -0.4913 -0.98829 -0.94547 -0.15466 -0.14704 -0.5523 -0.39226 -0.38617 -0.069681 -0.15308 -0.4913 -0.48787 -0.15308 -0.55115 -0.15466 -0.43658 -0.13374 -0.43398 0.29069 -0.15315 -0.2963 -0.45949 -0.46053 -0.43817 -0.052932 -0.41021 -0.46637 -0.4392 -0.46757 -0.15779 -0.45885 -0.091949 -0.46756 -0.24311 -0.323 -0.19738 -0.51272 -0.099011 -0.24311 -0.099011 -0.099011 0.45381 -0.13822 -0.030698 -0.091928 -0.091928 -0.091928 -0.091928 -0.31612 -0.19738 -0.23943 -0.19738 -0.40292 -0.19738 -0.19738 -0.4556 -0.096701 -0.19606 -0.19473 -0.13993 -0.19606 -0.32078 -0.13993 -0.44066 -0.13993 -0.13993 -0.13993 -0.42938 -0.23581 -0.10128 -0.42938 -0.10128 -0.17599 -0.23581 -0.27792 -0.19606 -0.26329 -0.13993 -0.13993 -0.4263 -0.23213 -0.27904 -0.23213 -0.19606 -0.27904 -0.184 -0.13822 -0.23213 -0.4263 -0.23213 -0.19606
-0.065491 0.23328 0.8917 -0.087458 0.41819 0.40253 -0.087458 0.86443 -0.49642 -0.49642 0.9872 0.86621 0.86621 0.86621 -0.16725 0.41578 0.85673 0.29284 0.85853 0.98087 0.85616 -0.087458 0.86443 0.86443 0.87868 0.4312 0.85853 0.29284 0.86147 0.86326 0.87597 -0.49761 1 0.25258 -0.18382 0.42646 -0.17842 0.8666 0.48987 0.97664 -0.42292 -0.42172 0.97446 0.4854 0.50161 -0.18906 -0.18202 0.86109 -0.42892 -0.42172 -0.080368 -0.18733 0.97446 0.97228 -0.18733 0.86292 -0.18023 0.86662 -0.20418 0.86179 -0.14725 -0.17664 0.59075 -0.28532 -0.28672 -0.25459 -0.083984 0.84778 0.95296 -0.25153 0.95509 -0.1925 0.93805 -0.10605 -0.29812 0.60197 0.44361 -0.19691 0.40912 -0.11681 0.60197 -0.11681 -0.11681 -0.22107 -0.1711 0.17129 -0.10879 -0.10879 -0.10879 -0.10879 0.44309 -0.20338 0.59488 -0.20338 0.33257 -0.20338 -0.20338 0.13696 -0.11419 -0.20176 -0.20013 -0.16339 -0.20176 0.45281 -0.16339 0.29082 -0.16339 -0.16339 -0.16339 0.30083 0.58817 -0.070123 0.30083 -0.070123 -0.17538 0.58817 -0.2821 -0.20176 0.54413 -0.16339 -0.16339 0.29925 0.58574 -0.27824 0.58574 -0.20176 -0.27824 -0.16427 -0.16143 0.58574 0.29925 0.58574 -0.20176
-0.094638 -0.12012 0.11975 -0.029754 0.65832 -0.037982 -0.029754 0.11166 0.55177 0.55177 0.25046 0.1141 0.1141 0.1141 -0.27691 0.65454 0.10752 0.12993 0.10587 0.24257 0.10423 -0.029754 0.11166 0.11166 0.11236 0.66755 0.10587 0.12993 0.10672 0.10916 0.10173 0.55307 0.25258 1 -0.28817 0.66572 -0.28493 0.10334 -0.55436 0.24362 -0.6676 -0.66572 0.2452 -0.55436 -0.52467 -0.28772 -0.27329 0.10008 -0.67697 -0.66572 -0.12599 -0.28493 0.2452 0.24678 -0.28493 0.10253 -0.28772 0.1921 -0.27956 0.19097 0.16077 -0.27691 0.25716 -0.58537 -0.59175 -0.56825 -0.11305 0.20182 0.25046 -0.56593 0.24993 -0.29324 0.24151 -0.16625 -0.60524 0.26522 0.069113 -0.30348 -0.078936 -0.17818 0.26522 -0.17818 -0.17818 0.25862 -0.25874 0.12106 -0.16533 -0.16533 -0.16533 -0.16533 0.078506 -0.30348 0.26222 -0.30348 -0.076813 -0.30348 -0.30348 -0.25266 -0.17399 -0.30088 -0.29827 -0.26175 -0.30088 0.068257 -0.26175 -0.121 -0.26175 -0.26175 -0.26175 -0.12805 0.25293 -0.13398 -0.12805 -0.13398 -0.29451 0.25293 -0.44312 -0.30088 0.1946 -0.26175 -0.26175 -0.12636 0.25451 -0.44527 0.25451 -0.30088 -0.44527 -0.30918 -0.25874 0.25451 -0.12636 0.25451 -0.30088
-0.037596 -0.042881 0.23256 0.20477 0.1405 -0.073993 0.20477 0.27721 -0.159 -0.159 -0.18225 0.27777 0.27777 0.27777 0.92107 0.13977 0.28004 -0.053831 0.28061 -0.1803 0.28118 0.20477 0.27721 0.27721 0.23369 0.13866 0.28061 -0.053831 0.2789 0.27947 0.28348 -0.15938 -0.18382 -0.28817 1 0.14013 0.98127 0.28581 0.15975 -0.17953 -0.1405 -0.14013 -0.17991 0.15975 0.16613 0.97226 0.96347 0.28406 -0.14234 -0.14013 -0.025286 0.98127 -0.17991 -0.1803 0.98127 0.28464 0.97226 -0.16012 0.9003 -0.16087 -0.046329 -0.055574 -0.1096 -0.1684 -0.16878 -0.159 -0.026423 -0.16237 -0.18225 -0.15938 -0.18108 0.95491 -0.17798 -0.033366 0.24718 -0.095467 0.25987 -0.086397 0.16249 -0.040691 -0.095467 -0.040691 -0.040691 -0.080339 0.8077 0.028376 -0.038391 -0.038391 -0.038391 -0.038391 0.26125 -0.086397 -0.095894 -0.086397 0.20546 -0.086397 -0.086397 0.11717 -0.039938 -0.085973 -0.085547 0.79873 -0.085973 0.2585 0.79873 0.18772 0.79873 0.79873 0.79873 0.1923 -0.094611 -0.041433 0.1923 -0.041433 0.61696 -0.094611 0.35052 -0.085973 -0.10772 0.79873 0.79873 0.19179 -0.095039 0.34922 -0.095039 -0.085973 0.34922 -0.049808 0.8077 -0.095039 0.19179 -0.095039 -0.085973
