1 0.96264 0.9821 -0.051072 -0.063443 -0.11082 -0.11266 -0.063151 -0.064894 1 -0.020817 0.12823 0.12823 0.12823 -0.078987 0.12823 -0.07872 -0.11082 -0.11082 -0.077916 0.33757 0.25119 0.96264 -0.077648 -0.10015 0.96264 -0.046627 -0.040298 -0.077648 0.92393 0.10341 0.96264 -0.10015 -0.055273 -0.036187 -0.077648 -0.077916 -0.077648 -0.077648 -0.10015 -0.039903 -0.077648 -0.078184 -0.10015 0.10312 0.92393 -0.10015 -0.10015 0.92393 0.10341 -0.10015 -0.10015 -0.077648 0.10341 -0.07576 -0.07576 0.10312 0.30641 0.30641 0.30641 -0.07576 0.19359 0.19314 0.19314 0.10312 0.29969 0.13813 0.13813 0.77485 0.13813 -0.018591 0.13813 0.77485 -0.091598 -0.0087948 0.33799 -0.0087948 -0.0087948 0.25689 0.77485 -0.051403 0.75213 0.13813 -0.037875 -0.07711 -0.07711 -0.037458 0.13813 0.75213 0.14042 -0.0098581 0.75213 -0.078184 -0.063735 -0.055588 0.75213 -0.014877 -0.12137 0.68108 0.68108 -0.064894 0.012472 -0.081117 0.013326 -0.024098 0.68108 -0.0077355 0.68108 -0.037458 0.013326 -0.18998 -0.036615 0.68108 -0.18998 -0.036615 0.68108 0.68108 -0.12989 -0.18998 -0.12989 -0.18998 -0.18998 0.35448 -0.18998 -0.0080881 -0.013292 -0.013292
0.96264 1 0.94541 -0.049164 -0.061073 -0.10668 -0.10845 -0.060792 -0.06247 0.96264 -0.020039 0.12344 0.12344 0.12344 -0.076036 0.12344 -0.075779 -0.10668 -0.10668 -0.075005 0.32496 0.2418 0.92104 -0.074747 -0.096409 0.92104 -0.044885 -0.038793 -0.074747 0.95979 0.097692 0.92104 -0.096409 -0.053208 -0.034835 -0.074747 -0.075005 -0.074747 -0.074747 -0.096409 -0.038412 -0.074747 -0.075263 -0.096409 0.097412 0.95979 -0.096409 -0.096409 0.95979 0.097692 -0.096409 -0.096409 -0.074747 0.097692 -0.07293 -0.07293 0.097412 0.29273 0.29273 0.29273 -0.07293 0.18451 0.18408 0.18408 0.097412 0.28629 0.12164 0.12164 0.70771 0.12164 -0.017897 0.12164 0.70771 -0.088176 -0.018674 0.35231 -0.018674 -0.018674 0.24526 0.70771 -0.049483 0.6869 0.12164 -0.03646 -0.074229 -0.074229 -0.036059 0.12164 0.6869 0.12378 -0.019715 0.6869 -0.075263 -0.061354 -0.053511 0.6869 -0.024635 -0.11591 0.70771 0.70771 -0.06247 -0.039171 -0.078086 -0.038793 -0.023198 0.70771 -0.017637 0.70771 -0.036059 -0.038793 -0.18288 -0.035247 0.70771 -0.18288 -0.035247 0.70771 0.70771 -0.12503 -0.18288 -0.12503 -0.18288 -0.18288 0.32202 -0.18288 -0.017982 0.00078092 0.00078092
0.9821 0.94541 1 -0.052003 -0.064599 -0.11284 -0.11471 -0.064302 -0.066076 0.9821 -0.021196 0.11823 0.11823 0.11823 -0.080426 0.11823 -0.080154 -0.11284 -0.11284 -0.079336 0.32889 0.24294 0.94541 -0.079062 -0.10198 0.94541 -0.047476 -0.041033 -0.079062 0.9074 0.093844 0.94541 -0.10198 -0.05628 -0.036846 -0.079062 -0.079336 -0.079062 -0.079062 -0.10198 -0.04063 -0.079062 -0.079609 -0.10198 0.093543 0.9074 -0.10198 -0.10198 0.9074 0.093844 -0.10198 -0.10198 -0.079062 0.093844 -0.077141 -0.077141 0.093543 0.29825 0.29825 0.29825 -0.077141 0.18572 0.18527 0.18527 0.093543 0.29157 0.13235 0.13235 0.76098 0.13235 -0.01893 0.13235 0.76098 -0.093267 -0.016435 0.33137 -0.016435 -0.016435 0.24902 0.76098 -0.05234 0.73862 0.13235 -0.038565 -0.078515 -0.078515 -0.038141 0.13235 0.73862 0.13463 -0.017531 0.73862 -0.079609 -0.064896 -0.056601 0.73862 -0.022706 -0.12402 0.6688 0.6688 -0.066076 0.010832 -0.082595 0.011686 -0.024537 0.6688 -0.015344 0.6688 -0.038141 0.011686 -0.19344 -0.037282 0.6688 -0.19344 -0.037282 0.6688 0.6688 -0.13225 -0.19344 -0.13225 -0.19344 -0.19344 0.34686 -0.19344 -0.015707 -0.019971 -0.019971
-0.051072 -0.049164 -0.052003 1 -0.11318 -0.19769 -0.20097 -0.11265 -0.11576 -0.051072 -0.037135 -0.39828 -0.39828 -0.39828 -0.1409 -0.39828 -0.14043 -0.19769 -0.19769 -0.13899 -0.15129 -0.18006 -0.049164 -0.13851 -0.17046 -0.049164 -0.083176 -0.071887 -0.13851 -0.047187 -0.38997 -0.049164 -0.17046 -0.0986 -0.064552 -0.13851 -0.13899 -0.13851 -0.13851 -0.17046 -0.071181 -0.13851 -0.13947 -0.17046 -0.39082 -0.047187 -0.17046 -0.17046 -0.047187 -0.38997 -0.17046 -0.17046 -0.13851 -0.38997 -0.13515 -0.13515 -0.39082 -0.15176 -0.15176 -0.15176 -0.13515 -0.23368 -0.23417 -0.23417 -0.39082 -0.15503 -0.17542 -0.17542 -0.039573 -0.17542 -0.033164 -0.17542 -0.039573 -0.1634 -0.38083 -0.04617 -0.38083 -0.38083 -0.17958 -0.039573 -0.091697 -0.040741 -0.17542 -0.067563 -0.13755 -0.13755 -0.066821 -0.17542 -0.040741 -0.17357 -0.38335 -0.040741 -0.13947 -0.11369 -0.099162 -0.040741 -0.38794 -0.21651 -0.039573 -0.039573 -0.11576 -0.072588 -0.1447 -0.071887 -0.042988 -0.039573 -0.37089 -0.039573 -0.066821 -0.071887 -0.3172 -0.065316 -0.039573 -0.3172 -0.065316 -0.039573 -0.039573 -0.20938 -0.3172 -0.20938 -0.3172 -0.3172 -0.083176 -0.3172 -0.37172 -0.32896 -0.32896
-0.063443 -0.061073 -0.064599 -0.11318 1 -0.24558 -0.24965 0.9954 0.9686 -0.063443 0.32812 0.27788 0.27788 0.27788 -0.17503 0.27788 -0.17444 -0.24558 -0.24558 -0.1647 0.69521 0.54358 -0.061073 -0.15611 -0.22193 -0.061073 -0.10332 -0.089301 -0.15611 -0.058617 0.27849 -0.061073 -0.22193 0.41022 -0.080189 -0.15611 -0.15674 -0.15611 -0.15611 -0.22193 -0.088424 -0.15611 0.78764 -0.22193 0.27788 -0.058617 -0.22193 -0.22193 -0.058617 0.27849 -0.22193 -0.22193 -0.15611 0.27849 0.8131 0.8131 0.27788 0.72313 0.72313 0.72313 0.8131 0.47807 0.47705 0.47705 0.27788 -0.17771 -0.20399 -0.20399 -0.049159 -0.20399 -0.041198 -0.20399 -0.049159 -0.18854 0.27972 -0.057354 0.27972 0.27972 -0.20932 -0.049159 -0.11391 -0.05061 -0.19703 -0.069744 -0.15485 -0.15485 -0.083007 -0.19007 -0.05061 -0.18763 0.27788 -0.05061 -0.14149 -0.13207 -0.092589 -0.05061 0.26935 0.43691 -0.049159 -0.049159 -0.10763 -0.090171 -0.071155 -0.089301 -0.053401 -0.049159 0.2753 -0.049159 -0.054351 -0.089301 0.32177 -0.081137 -0.049159 0.32177 -0.081137 -0.049159 -0.049159 0.38829 0.32177 0.38829 0.32177 0.32177 -0.10332 0.32177 0.27468 0.31042 0.31042
-0.11082 -0.10668 -0.11284 -0.19769 -0.24558 1 0.97898 -0.24445 -0.23174 -0.11082 -0.08058 0.49636 0.49636 0.49636 -0.30575 0.49636 -0.30471 1 1 -0.3016 -0.090087 -0.22121 -0.10668 -0.30056 0.88391 -0.10668 0.42073 0.36363 -0.30056 -0.10239 0.49293 -0.10668 0.88391 0.10934 0.32653 -0.30056 -0.29589 -0.30056 -0.30056 0.88391 0.36006 -0.30056 -0.052031 0.88391 0.49186 -0.10239 0.88391 0.88391 -0.10239 0.49293 0.88391 0.88391 -0.30056 0.49293 -0.037409 -0.037409 0.49186 -0.091543 -0.091543 -0.091543 -0.037409 -0.30993 -0.31111 -0.31111 0.49186 -0.33641 -0.11607 -0.11607 -0.08587 -0.11607 -0.071964 -0.11607 -0.08587 -0.080011 0.49057 -0.10019 0.49057 0.49057 -0.12809 -0.08587 -0.19897 -0.072044 -0.11108 -0.14661 -0.28699 -0.28699 0.338 -0.11607 -0.072044 -0.13073 0.48285 -0.072044 -0.29125 0.05572 -0.20054 -0.072044 0.47247 0.55642 -0.052218 -0.052218 -0.23174 0.28132 -0.29174 0.27703 0.21745 -0.052218 0.45338 -0.052218 -0.11417 0.27703 0.33007 0.33039 -0.052218 0.33007 0.33039 -0.052218 -0.052218 0.57484 0.33007 0.57484 0.33007 0.33007 0.2175 0.33007 0.45228 0.31796 0.31796
-0.11266 -0.10845 -0.11471 -0.20097 -0.24965 0.97898 1 -0.2485 -0.23603 -0.11266 -0.081917 0.5046 0.5046 0.5046 -0.3052 0.5046 -0.30413 0.97898 0.97898 -0.30661 -0.10245 -0.2346 -0.10845 -0.30555 0.86929 -0.10845 0.41387 0.3577 -0.30555 -0.10409 0.50121 -0.10845 0.86929 0.096405 0.31066 -0.30555 -0.30093 -0.30555 -0.30555 0.86929 0.35418 -0.30555 -0.019053 0.86929 0.50012 -0.10409 0.86929 0.86929 -0.10409 0.50121 0.86929 0.86929 -0.30555 0.50121 -0.049699 -0.049699 0.50012 -0.060954 -0.060954 -0.060954 -0.049699 -0.28845 -0.28966 -0.28966 0.50012 -0.29958 -0.084408 -0.084408 -0.087295 -0.084408 -0.073158 -0.084408 -0.087295 -0.087661 0.49891 -0.10185 0.49891 0.49891 -0.097008 -0.087295 -0.20228 -0.073616 -0.079448 -0.14904 -0.29201 -0.29201 0.33249 -0.084408 -0.073616 -0.098674 0.49117 -0.073616 -0.29634 0.04968 -0.20421 -0.073616 0.48052 0.54091 -0.053859 -0.053859 -0.23603 0.33275 -0.29709 0.32902 0.2139 -0.053859 0.46204 -0.053859 -0.11677 0.32902 0.31101 0.325 -0.053859 0.31101 0.325 -0.053859 -0.053859 0.55956 0.31101 0.55956 0.31101 0.31101 0.26243 0.31101 0.46092 0.29838 0.29838
-0.063151 -0.060792 -0.064302 -0.11265 0.9954 -0.24445 -0.2485 1 0.97314 -0.063151 0.32964 0.28285 0.28285 0.28285 -0.17423 0.28285 -0.17364 -0.24445 -0.24445 -0.16388 0.69915 0.54752 -0.060792 -0.15526 -0.22091 -0.060792 -0.10285 -0.08889 -0.15526 -0.058347 0.28346 -0.060792 -0.22091 0.41264 -0.07982 -0.15526 -0.15589 -0.15526 -0.15526 -0.22091 -0.088016 -0.15526 0.79179 -0.22091 0.28285 -0.058347 -0.22091 -0.22091 -0.058347 0.28346 -0.22091 -0.22091 -0.15526 0.28346 0.81729 0.81729 0.28285 0.72718 0.72718 0.72718 0.81729 0.48209 0.48107 0.48107 0.28285 -0.17677 -0.20294 -0.20294 -0.048933 -0.20294 -0.041008 -0.20294 -0.048933 -0.18755 0.28467 -0.05709 0.28467 0.28467 -0.20824 -0.048933 -0.11338 -0.050377 -0.19596 -0.069308 -0.15401 -0.15401 -0.082625 -0.18897 -0.050377 -0.18654 0.28285 -0.050377 -0.14058 -0.13139 -0.091915 -0.050377 0.27441 0.44084 -0.048933 -0.048933 -0.10684 -0.089756 -0.069949 -0.08889 -0.053156 -0.048933 0.28022 -0.048933 -0.053869 -0.08889 0.3263 -0.080764 -0.048933 0.3263 -0.080764 -0.048933 -0.048933 0.39197 0.3263 0.39197 0.3263 0.3263 -0.10285 0.3263 0.2796 0.31503 0.31503
-0.064894 -0.06247 -0.066076 -0.11576 0.9686 -0.23174 -0.23603 0.97314 1 -0.064894 0.32078 0.27213 0.27213 0.27213 -0.17904 0.27213 -0.17843 -0.23174 -0.23174 -0.16878 0.67609 0.52444 -0.06247 -0.16031 -0.20666 -0.06247 -0.094078 -0.06496 -0.16031 -0.059958 0.27276 -0.06247 -0.20666 0.39848 -0.082023 -0.16031 -0.16096 -0.16031 -0.16031 -0.20666 -0.063829 -0.16031 0.76755 -0.20666 0.27213 -0.059958 -0.20666 -0.20666 -0.059958 0.27276 -0.20666 -0.20666 -0.16031 0.27276 0.7928 0.7928 0.27213 0.70353 0.70353 0.70353 0.7928 0.45854 0.45751 0.45751 0.27213 -0.18236 -0.19552 -0.19552 -0.050283 -0.19552 -0.04214 -0.19552 -0.050283 -0.17922 0.27403 -0.058665 0.27403 0.27403 -0.20112 -0.050283 -0.11651 -0.051767 -0.18868 -0.071901 -0.15902 -0.15902 -0.05673 -0.18184 -0.051767 -0.17927 0.27213 -0.051767 -0.14598 -0.11743 -0.095919 -0.051767 0.2633 0.42394 -0.050283 -0.050283 -0.11152 -0.066078 -0.077088 -0.06496 -0.054623 -0.050283 0.26979 -0.050283 -0.05673 -0.06496 0.30566 -0.054228 -0.050283 0.30566 -0.054228 -0.050283 -0.050283 0.37652 0.30566 0.37652 0.30566 0.30566 -0.08247 0.30566 0.26915 0.29395 0.29395
1 0.96264 0.9821 -0.051072 -0.063443 -0.11082 -0.11266 -0.063151 -0.064894 1 -0.020817 0.12823 0.12823 0.12823 -0.078987 0.12823 -0.07872 -0.11082 -0.11082 -0.077916 0.33757 0.25119 0.96264 -0.077648 -0.10015 0.96264 -0.046627 -0.040298 -0.077648 0.92393 0.10341 0.96264 -0.10015 -0.055273 -0.036187 -0.077648 -0.077916 -0.077648 -0.077648 -0.10015 -0.039903 -0.077648 -0.078184 -0.10015 0.10312 0.92393 -0.10015 -0.10015 0.92393 0.10341 -0.10015 -0.10015 -0.077648 0.10341 -0.07576 -0.07576 0.10312 0.30641 0.30641 0.30641 -0.07576 0.19359 0.19314 0.19314 0.10312 0.29969 0.13813 0.13813 0.77485 0.13813 -0.018591 0.13813 0.77485 -0.091598 -0.0087948 0.33799 -0.0087948 -0.0087948 0.25689 0.77485 -0.051403 0.75213 0.13813 -0.037875 -0.07711 -0.07711 -0.037458 0.13813 0.75213 0.14042 -0.0098581 0.75213 -0.078184 -0.063735 -0.055588 0.75213 -0.014877 -0.12137 0.68108 0.68108 -0.064894 0.012472 -0.081117 0.013326 -0.024098 0.68108 -0.0077355 0.68108 -0.037458 0.013326 -0.18998 -0.036615 0.68108 -0.18998 -0.036615 0.68108 0.68108 -0.12989 -0.18998 -0.12989 -0.18998 -0.18998 0.35448 -0.18998 -0.0080881 -0.013292 -0.013292
-0.020817 -0.020039 -0.021196 -0.037135 0.32812 -0.08058 -0.081917 0.32964 0.32078 -0.020817 1 0.093238 0.093238 0.093238 -0.057432 0.093238 -0.057238 -0.08058 -0.08058 -0.056653 0.24545 0.18264 -0.020039 -0.056458 -0.07282 -0.020039 -0.033903 -0.029301 -0.056458 -0.019234 0.093438 -0.020039 -0.07282 -0.04019 -0.026312 -0.056458 -0.056653 -0.056458 -0.056458 -0.07282 -0.029014 -0.056458 0.26626 -0.07282 0.093238 -0.019234 -0.07282 -0.07282 -0.019234 0.093438 -0.07282 -0.07282 -0.056458 0.093438 0.27477 0.27477 0.093238 0.24469 0.24469 0.24469 0.27477 0.15891 0.15858 0.15858 0.093238 -0.063192 -0.071502 -0.071502 -0.01613 -0.071502 -0.013518 -0.071502 -0.01613 -0.066602 0.093839 -0.018819 0.093839 0.093839 -0.073197 -0.01613 -0.037376 -0.016606 -0.071502 -0.027539 -0.056067 -0.056067 -0.027236 -0.071502 -0.016606 -0.070749 0.093238 -0.016606 -0.056848 -0.046342 -0.040418 -0.016606 0.090456 0.1556 -0.01613 -0.01613 -0.047185 -0.029587 -0.058981 -0.029301 -0.017522 -0.01613 0.094441 -0.01613 -0.027236 -0.029301 0.10957 -0.026623 -0.01613 0.10957 -0.026623 -0.01613 -0.01613 0.16027 0.10957 0.16027 0.10957 0.10957 -0.033903 0.10957 0.09424 0.10587 0.10587
0.12823 0.12344 0.11823 -0.39828 0.27788 0.49636 0.5046 0.28285 0.27213 0.12823 0.093238 1 1 1 0.34839 0.99571 0.34718 0.49636 0.49636 0.34354 0.36956 0.44811 0.12344 0.34233 0.44385 0.12344 0.20884 0.18049 0.34233 0.11848 0.98071 0.12344 0.44385 0.24756 0.16208 0.34233 0.34354 0.34233 0.34233 0.44385 0.17872 0.34233 0.33933 0.44385 0.97855 0.11848 0.44385 0.44385 0.11848 0.98071 0.44385 0.44385 0.34233 0.98071 0.32825 0.32825 0.97855 0.36561 0.36561 0.36561 0.32825 0.57392 0.57091 0.57091 0.97855 0.37909 0.43094 0.43094 0.099359 0.43094 -0.14498 0.43094 0.099359 0.40533 0.94221 -0.077497 0.94221 0.94221 0.44149 0.099359 0.22281 0.10229 0.42618 0.15995 0.3399 0.3399 0.16777 0.42618 0.10229 0.42147 0.93136 0.10229 0.33933 0.2792 0.24201 0.10229 0.90527 0.52283 0.099359 0.099359 0.27213 0.17317 0.35272 0.17133 0.10793 0.099359 0.90175 0.099359 0.16777 0.17133 0.77191 0.16399 0.099359 0.77191 0.16399 0.099359 0.099359 0.50907 0.77191 0.50907 0.77191 0.77191 0.20077 0.77191 0.89953 0.80134 0.80134
0.12823 0.12344 0.11823 -0.39828 0.27788 0.49636 0.5046 0.28285 0.27213 0.12823 0.093238 1 1 1 0.34839 0.99571 0.34718 0.49636 0.49636 0.34354 0.36956 0.44811 0.12344 0.34233 0.44385 0.12344 0.20884 0.18049 0.34233 0.11848 0.98071 0.12344 0.44385 0.24756 0.16208 0.34233 0.34354 0.34233 0.34233 0.44385 0.17872 0.34233 0.33933 0.44385 0.97855 0.11848 0.44385 0.44385 0.11848 0.98071 0.44385 0.44385 0.34233 0.98071 0.32825 0.32825 0.97855 0.36561 0.36561 0.36561 0.32825 0.57392 0.57091 0.57091 0.97855 0.37909 0.43094 0.43094 0.099359 0.43094 -0.14498 0.43094 0.099359 0.40533 0.94221 -0.077497 0.94221 0.94221 0.44149 0.099359 0.22281 0.10229 0.42618 0.15995 0.3399 0.3399 0.16777 0.42618 0.10229 0.42147 0.93136 0.10229 0.33933 0.2792 0.24201 0.10229 0.90527 0.52283 0.099359 0.099359 0.27213 0.17317 0.35272 0.17133 0.10793 0.099359 0.90175 0.099359 0.16777 0.17133 0.77191 0.16399 0.099359 0.77191 0.16399 0.099359 0.099359 0.50907 0.77191 0.50907 0.77191 0.77191 0.20077 0.77191 0.89953 0.80134 0.80134
0.12823 0.12344 0.11823 -0.39828 0.27788 0.49636 0.5046 0.28285 0.27213 0.12823 0.093238 1 1 1 0.34839 0.99571 0.34718 0.49636 0.49636 0.34354 0.36956 0.44811 0.12344 0.34233 0.44385 0.12344 0.20884 0.18049 0.34233 0.11848 0.98071 0.12344 0.44385 0.24756 0.16208 0.34233 0.34354 0.34233 0.34233 0.44385 0.17872 0.34233 0.33933 0.44385 0.97855 0.11848 0.44385 0.44385 0.11848 0.98071 0.44385 0.44385 0.34233 0.98071 0.32825 0.32825 0.97855 0.36561 0.36561 0.36561 0.32825 0.57392 0.57091 0.57091 0.97855 0.37909 0.43094 0.43094 0.099359 0.43094 -0.14498 0.43094 0.099359 0.40533 0.94221 -0.077497 0.94221 0.94221 0.44149 0.099359 0.22281 0.10229 0.42618 0.15995 0.3399 0.3399 0.16777 0.42618 0.10229 0.42147 0.93136 0.10229 0.33933 0.2792 0.24201 0.10229 0.90527 0.52283 0.099359 0.099359 0.27213 0.17317 0.35272 0.17133 0.10793 0.099359 0.90175 0.099359 0.16777 0.17133 0.77191 0.16399 0.099359 0.77191 0.16399 0.099359 0.099359 0.50907 0.77191 0.50907 0.77191 0.77191 0.20077 0.77191 0.89953 0.80134 0.80134
-0.078987 -0.076036 -0.080426 -0.1409 -0.17503 -0.30575 -0.3052 -0.17423 -0.17904 -0.078987 -0.057432 0.34839 0.34839 0.34839 1 0.34839 0.99662 -0.30575 -0.30575 0.97961 -0.16277 0.26763 -0.076036 0.96936 -0.25855 -0.076036 -0.12864 -0.11118 0.96936 -0.072979 0.34377 -0.076036 -0.25855 -0.14371 -0.099836 0.96936 0.96596 0.96936 0.96936 -0.25855 -0.11009 0.96936 -0.19527 -0.25855 0.343 -0.072979 -0.25855 -0.25855 -0.072979 0.34377 -0.25855 -0.25855 0.96936 0.34377 -0.20206 -0.20206 0.343 -0.22179 -0.22179 -0.22179 -0.20206 0.57619 0.57493 0.57493 0.343 0.87056 0.76741 0.76741 -0.061203 0.76741 -0.051291 0.76741 -0.061203 0.81896 0.3453 -0.071406 0.3453 0.3453 0.74921 -0.061203 0.65078 -0.063009 0.7495 0.46734 0.94874 0.94874 -0.10334 0.7495 -0.063009 0.75777 0.343 -0.063009 0.94216 0.43739 0.65128 -0.063009 0.33236 -0.32114 -0.061203 -0.061203 0.75177 -0.11226 0.90056 -0.11118 -0.066485 -0.061203 0.34224 -0.061203 0.41279 -0.11118 0.4001 -0.10102 -0.061203 0.4001 -0.10102 -0.061203 -0.061203 -0.31539 0.4001 -0.31539 0.4001 0.4001 -0.12864 0.4001 0.34146 0.38597 0.38597
0.12823 0.12344 0.11823 -0.39828 0.27788 0.49636 0.5046 0.28285 0.27213 0.12823 0.093238 0.99571 0.99571 0.99571 0.34839 1 0.35258 0.49636 0.49636 0.34898 0.36956 0.45256 0.12344 0.34233 0.44385 0.12344 0.20884 0.18049 0.34233 0.11848 0.98071 0.12344 0.44385 0.24756 0.16208 0.34233 0.34354 0.34233 0.34233 0.44385 0.17872 0.34233 0.33933 0.44385 0.97855 0.11848 0.44385 0.44385 0.11848 0.98071 0.44385 0.44385 0.34233 0.98071 0.32825 0.32825 0.97855 0.36561 0.36561 0.36561 0.32825 0.57392 0.57091 0.57091 0.97855 0.37909 0.43094 0.43094 0.099359 0.43094 -0.14498 0.43094 0.099359 0.40533 0.94221 -0.077497 0.94221 0.94221 0.44149 0.099359 0.23023 0.10229 0.42618 0.16964 0.3399 0.3399 0.16777 0.42618 0.10229 0.42147 0.93136 0.10229 0.33933 0.28546 0.23505 0.10229 0.90527 0.52283 0.099359 0.099359 0.2783 0.17317 0.35272 0.17133 0.10793 0.099359 0.90175 0.099359 0.16777 0.17133 0.77191 0.16399 0.099359 0.77191 0.16399 0.099359 0.099359 0.50907 0.77191 0.50907 0.77191 0.77191 0.20077 0.77191 0.89953 0.80134 0.80134
-0.07872 -0.075779 -0.080154 -0.14043 -0.17444 -0.30471 -0.30413 -0.17364 -0.17843 -0.07872 -0.057238 0.34718 0.34718 0.34718 0.99662 0.35258 1 -0.30471 -0.30471 0.98295 -0.16183 0.26997 -0.075779 0.96581 -0.25758 -0.075779 -0.1282 -0.1108 0.96581 -0.072732 0.34254 -0.075779 -0.25758 -0.14317 -0.099498 0.96581 0.96243 0.96581 0.96581 -0.25758 -0.10971 0.96581 -0.1945 -0.25758 0.34178 -0.072732 -0.25758 -0.25758 -0.072732 0.34254 -0.25758 -0.25758 0.96581 0.34254 -0.20134 -0.20134 0.34178 -0.22097 -0.22097 -0.22097 -0.20134 0.57409 0.57283 0.57283 0.34178 0.8674 0.76461 0.76461 -0.060996 0.76461 -0.051118 0.76461 -0.060996 0.81594 0.34407 -0.071164 0.34407 0.34407 0.74648 -0.060996 0.65299 -0.062796 0.74666 0.46894 0.94511 0.94511 -0.10299 0.74666 -0.062796 0.7549 0.34178 -0.062796 0.93859 0.43933 0.64479 -0.062796 0.33117 -0.31978 -0.060996 -0.060996 0.75441 -0.11188 0.8971 -0.1108 -0.06626 -0.060996 0.34099 -0.060996 0.41427 -0.1108 0.39866 -0.10067 -0.060996 0.39866 -0.10067 -0.060996 -0.060996 -0.31408 0.39866 -0.31408 0.39866 0.39866 -0.1282 0.39866 0.34022 0.38457 0.38457
-0.11082 -0.10668 -0.11284 -0.19769 -0.24558 1 0.97898 -0.24445 -0.23174 -0.11082 -0.08058 0.49636 0.49636 0.49636 -0.30575 0.49636 -0.30471 1 1 -0.3016 -0.090087 -0.22121 -0.10668 -0.30056 0.88391 -0.10668 0.42073 0.36363 -0.30056 -0.10239 0.49293 -0.10668 0.88391 0.10934 0.32653 -0.30056 -0.29589 -0.30056 -0.30056 0.88391 0.36006 -0.30056 -0.052031 0.88391 0.49186 -0.10239 0.88391 0.88391 -0.10239 0.49293 0.88391 0.88391 -0.30056 0.49293 -0.037409 -0.037409 0.49186 -0.091543 -0.091543 -0.091543 -0.037409 -0.30993 -0.31111 -0.31111 0.49186 -0.33641 -0.11607 -0.11607 -0.08587 -0.11607 -0.071964 -0.11607 -0.08587 -0.080011 0.49057 -0.10019 0.49057 0.49057 -0.12809 -0.08587 -0.19897 -0.072044 -0.11108 -0.14661 -0.28699 -0.28699 0.338 -0.11607 -0.072044 -0.13073 0.48285 -0.072044 -0.29125 0.05572 -0.20054 -0.072044 0.47247 0.55642 -0.052218 -0.052218 -0.23174 0.28132 -0.29174 0.27703 0.21745 -0.052218 0.45338 -0.052218 -0.11417 0.27703 0.33007 0.33039 -0.052218 0.33007 0.33039 -0.052218 -0.052218 0.57484 0.33007 0.57484 0.33007 0.33007 0.2175 0.33007 0.45228 0.31796 0.31796
-0.11082 -0.10668 -0.11284 -0.19769 -0.24558 1 0.97898 -0.24445 -0.23174 -0.11082 -0.08058 0.49636 0.49636 0.49636 -0.30575 0.49636 -0.30471 1 1 -0.3016 -0.090087 -0.22121 -0.10668 -0.30056 0.88391 -0.10668 0.42073 0.36363 -0.30056 -0.10239 0.49293 -0.10668 0.88391 0.10934 0.32653 -0.30056 -0.29589 -0.30056 -0.30056 0.88391 0.36006 -0.30056 -0.052031 0.88391 0.49186 -0.10239 0.88391 0.88391 -0.10239 0.49293 0.88391 0.88391 -0.30056 0.49293 -0.037409 -0.037409 0.49186 -0.091543 -0.091543 -0.091543 -0.037409 -0.30993 -0.31111 -0.31111 0.49186 -0.33641 -0.11607 -0.11607 -0.08587 -0.11607 -0.071964 -0.11607 -0.08587 -0.080011 0.49057 -0.10019 0.49057 0.49057 -0.12809 -0.08587 -0.19897 -0.072044 -0.11108 -0.14661 -0.28699 -0.28699 0.338 -0.11607 -0.072044 -0.13073 0.48285 -0.072044 -0.29125 0.05572 -0.20054 -0.072044 0.47247 0.55642 -0.052218 -0.052218 -0.23174 0.28132 -0.29174 0.27703 0.21745 -0.052218 0.45338 -0.052218 -0.11417 0.27703 0.33007 0.33039 -0.052218 0.33007 0.33039 -0.052218 -0.052218 0.57484 0.33007 0.57484 0.33007 0.33007 0.2175 0.33007 0.45228 0.31796 0.31796
-0.077916 -0.075005 -0.079336 -0.13899 -0.1647 -0.3016 -0.30661 -0.16388 -0.16878 -0.077916 -0.056653 0.34354 0.34354 0.34354 0.97961 0.34898 0.98295 -0.3016 -0.3016 1 -0.1655 0.27141 -0.075005 0.98275 -0.25465 -0.075005 -0.12689 -0.10967 0.98275 -0.071989 0.34973 -0.075005 -0.25465 -0.15043 -0.098482 0.98275 0.97934 0.98275 0.98275 -0.25465 -0.10859 0.98275 -0.20591 -0.25465 0.34898 -0.071989 -0.25465 -0.25465 -0.071989 0.34973 -0.25465 -0.25465 0.98275 0.34973 -0.20618 -0.20618 0.34898 -0.23153 -0.23153 -0.23153 -0.20618 0.57859 0.57733 0.57733 0.34898 0.87722 0.77427 0.77427 -0.060373 0.77427 -0.050596 0.77427 -0.060373 0.83188 0.35123 -0.070438 0.35123 0.35123 0.75612 -0.060373 0.65972 -0.062155 0.7562 0.47382 0.96192 0.96192 -0.10194 0.7562 -0.062155 0.76444 0.34898 -0.062155 0.95534 0.44521 0.66049 -0.062155 0.33857 -0.32646 -0.060373 -0.060373 0.77027 -0.11074 0.91356 -0.10967 -0.065583 -0.060373 0.35348 -0.060373 0.43116 -0.10967 0.41012 -0.099646 -0.060373 0.41012 -0.099646 -0.060373 -0.060373 -0.31557 0.41012 -0.31557 0.41012 0.41012 -0.12689 0.41012 0.35273 0.39626 0.39626
0.33757 0.32496 0.32889 -0.15129 0.69521 -0.090087 -0.10245 0.69915 0.67609 0.33757 0.24545 0.36956 0.36956 0.36956 -0.16277 0.36956 -0.16183 -0.090087 -0.090087 -0.1655 1 0.74411 0.32496 -0.16456 -0.29668 0.32496 -0.13812 -0.11938 -0.16456 0.31189 0.36523 0.32496 -0.29668 0.61809 0.42667 -0.16456 -0.1655 -0.16456 -0.16456 -0.29668 -0.11821 -0.16456 0.83062 -0.29668 0.3644 0.31189 -0.29668 -0.29668 0.31189 0.36523 -0.29668 -0.29668 -0.16456 0.36523 0.86001 0.86001 0.3644 0.91654 0.91654 0.91654 0.86001 0.63207 0.6307 0.6307 0.3644 -0.037653 -0.13709 -0.13709 0.26156 -0.13709 -0.055074 -0.13709 0.26156 -0.21208 0.32056 0.072744 0.32056 0.32056 -0.094922 0.26156 -0.15227 0.25056 -0.13138 -0.10056 -0.16267 -0.16267 -0.11097 -0.12567 0.25056 -0.12172 0.31285 0.25056 -0.15341 -0.18128 -0.07262 0.25056 0.30094 0.41971 0.22306 0.22306 -0.10318 -0.098712 -0.10025 -0.097359 -0.071388 0.22306 0.30771 0.22306 0.018373 -0.097359 0.28655 -0.10847 0.22306 0.28655 -0.10847 0.22306 0.22306 0.37556 0.28655 0.37556 0.28655 0.28655 0.026581 0.28655 0.30685 0.346 0.346
0.25119 0.2418 0.24294 -0.18006 0.54358 -0.22121 -0.2346 0.54752 0.52444 0.25119 0.18264 0.44811 0.44811 0.44811 0.26763 0.45256 0.26997 -0.22121 -0.22121 0.27141 0.74411 1 0.2418 0.26246 -0.36934 0.2418 -0.18562 -0.13188 0.26246 0.23208 0.44924 0.2418 -0.36934 0.48494 0.31749 0.26246 0.26011 0.26246 0.26246 -0.36934 -0.13005 0.26246 0.62962 -0.36934 0.44811 0.23208 -0.36934 -0.36934 0.23208 0.44924 -0.36934 -0.36934 0.26246 0.44924 0.65894 0.65894 0.44811 0.69296 0.69296 0.69296 0.65894 0.78146 0.77966 0.77966 0.44811 0.32438 0.20601 0.20601 0.19463 0.20601 0.0050285 0.20601 0.19463 0.16825 0.41146 0.026138 0.41146 0.41146 0.2339 0.19463 0.44328 0.18419 0.21095 0.3323 0.26152 0.26152 -0.11863 0.21589 0.18419 0.22323 0.40354 0.18419 0.26904 0.27954 -0.047666 0.18419 0.38739 0.20374 0.16134 0.16134 0.32554 -0.11481 0.29894 -0.11284 -0.095937 0.16134 0.40161 0.16134 -0.037307 -0.11284 0.40125 -0.11463 0.16134 0.40125 -0.11463 0.16134 0.16134 0.17134 0.40125 0.17134 0.40125 0.40125 -0.018101 0.40125 0.40045 0.44514 0.44514
0.96264 0.92104 0.94541 -0.049164 -0.061073 -0.10668 -0.10845 -0.060792 -0.06247 0.96264 -0.020039 0.12344 0.12344 0.12344 -0.076036 0.12344 -0.075779 -0.10668 -0.10668 -0.075005 0.32496 0.2418 1 -0.074747 -0.096409 1 -0.044885 -0.038793 -0.074747 0.95979 0.1237 1 -0.096409 -0.053208 -0.034835 -0.074747 -0.075005 -0.074747 -0.074747 -0.096409 -0.038412 -0.074747 -0.075263 -0.096409 0.12344 0.95979 -0.096409 -0.096409 0.95979 0.1237 -0.096409 -0.096409 -0.074747 0.1237 -0.07293 -0.07293 0.12344 0.32395 0.32395 0.32395 -0.07293 0.21039 0.20995 0.20995 0.12344 0.31712 0.15048 0.15048 0.80492 0.15048 -0.017897 0.15048 0.80492 -0.088176 0.0073095 0.35231 0.0073095 0.0073095 0.27377 0.80492 -0.049483 0.78142 0.15048 -0.03646 -0.074229 -0.074229 -0.036059 0.15048 0.78142 0.15278 0.006313 0.78142 -0.075263 -0.061354 -0.053511 0.78142 0.001618 -0.11591 0.70771 0.70771 -0.06247 0.015942 -0.078086 0.016799 -0.023198 0.70771 0.0083029 0.70771 -0.036059 0.016799 -0.18288 -0.035247 0.70771 -0.18288 -0.035247 0.70771 0.70771 -0.12503 -0.18288 -0.12503 -0.18288 -0.18288 0.37094 -0.18288 0.0079721 0.00078092 0.00078092
-0.077648 -0.074747 -0.079062 -0.13851 -0.15611 -0.30056 -0.30555 -0.15526 -0.16031 -0.077648 -0.056458 0.34233 0.34233 0.34233 0.96936 0.34233 0.96581 -0.30056 -0.30056 0.98275 -0.16456 0.26246 -0.074747 1 -0.27162 -0.074747 -0.12646 -0.10929 1 -0.071741 0.34852 -0.074747 -0.27162 -0.14991 -0.098143 1 0.99655 1 1 -0.27162 -0.10822 1 -0.20516 -0.27162 0.34778 -0.071741 -0.27162 -0.27162 -0.071741 0.34852 -0.27162 -0.27162 1 0.34852 -0.20547 -0.20547 0.34778 -0.23073 -0.23073 -0.23073 -0.20547 0.59275 0.5915 0.5915 0.34778 0.89344 0.78961 0.78961 -0.060165 0.78961 -0.050422 0.78961 -0.060165 0.8477 0.35002 -0.070195 0.35002 0.35002 0.77132 -0.060165 0.662 -0.061941 0.7715 0.47547 0.97918 0.97918 -0.10159 0.7715 -0.061941 0.77981 0.34778 -0.061941 0.97248 0.4472 0.68052 -0.061941 0.3374 -0.34129 -0.060165 -0.060165 0.78085 -0.11036 0.93032 -0.10929 -0.065357 -0.060165 0.35227 -0.060165 0.43271 -0.10929 0.40871 -0.099303 -0.060165 0.40871 -0.099303 -0.060165 -0.060165 -0.33055 0.40871 -0.33055 0.40871 0.40871 -0.12646 0.40871 0.35152 0.39489 0.39489
-0.10015 -0.096409 -0.10198 -0.17046 -0.22193 0.88391 0.86929 -0.22091 -0.20666 -0.10015 -0.07282 0.44385 0.44385 0.44385 -0.25855 0.44385 -0.25758 0.88391 0.88391 -0.25465 -0.29668 -0.36934 -0.096409 -0.27162 1 -0.096409 0.46557 0.40238 -0.27162 -0.092532 0.44953 -0.096409 1 -0.19335 -0.12658 -0.27162 -0.26659 -0.27162 -0.27162 1 0.39843 -0.27162 -0.2735 1 0.44856 -0.092532 1 1 -0.092532 0.44953 1 1 -0.27162 0.44953 -0.26502 -0.26502 0.44856 -0.2976 -0.2976 -0.2976 -0.26502 -0.45823 -0.45921 -0.45921 0.44856 -0.30402 -0.067331 -0.067331 -0.077601 -0.067331 -0.065034 -0.067331 -0.077601 -0.03333 0.44675 -0.090538 0.44675 0.44675 -0.078619 -0.077601 -0.17981 -0.062784 -0.062111 -0.13249 -0.25772 -0.25772 0.37402 -0.067331 -0.062784 -0.083233 0.44385 -0.062784 -0.26158 0.093287 -0.17916 -0.062784 0.43518 0.47356 -0.042412 -0.042412 -0.20666 0.31652 -0.26049 0.31182 0.24062 -0.042412 0.41679 -0.042412 -0.098796 0.31182 0.27603 0.3656 -0.042412 0.27603 0.3656 -0.042412 -0.042412 0.49405 0.27603 0.49405 0.27603 0.27603 0.25306 0.27603 0.41581 0.26623 0.26623
0.96264 0.92104 0.94541 -0.049164 -0.061073 -0.10668 -0.10845 -0.060792 -0.06247 0.96264 -0.020039 0.12344 0.12344 0.12344 -0.076036 0.12344 -0.075779 -0.10668 -0.10668 -0.075005 0.32496 0.2418 1 -0.074747 -0.096409 1 -0.044885 -0.038793 -0.074747 0.95979 0.1237 1 -0.096409 -0.053208 -0.034835 -0.074747 -0.075005 -0.074747 -0.074747 -0.096409 -0.038412 -0.074747 -0.075263 -0.096409 0.12344 0.95979 -0.096409 -0.096409 0.95979 0.1237 -0.096409 -0.096409 -0.074747 0.1237 -0.07293 -0.07293 0.12344 0.32395 0.32395 0.32395 -0.07293 0.21039 0.20995 0.20995 0.12344 0.31712 0.15048 0.15048 0.80492 0.15048 -0.017897 0.15048 0.80492 -0.088176 0.0073095 0.35231 0.0073095 0.0073095 0.27377 0.80492 -0.049483 0.78142 0.15048 -0.03646 -0.074229 -0.074229 -0.036059 0.15048 0.78142 0.15278 0.006313 0.78142 -0.075263 -0.061354 -0.053511 0.78142 0.001618 -0.11591 0.70771 0.70771 -0.06247 0.015942 -0.078086 0.016799 -0.023198 0.70771 0.0083029 0.70771 -0.036059 0.016799 -0.18288 -0.035247 0.70771 -0.18288 -0.035247 0.70771 0.70771 -0.12503 -0.18288 -0.12503 -0.18288 -0.18288 0.37094 -0.18288 0.0079721 0.00078092 0.00078092
-0.046627 -0.044885 -0.047476 -0.083176 -0.10332 0.42073 0.41387 -0.10285 -0.094078 -0.046627 -0.033903 0.20884 0.20884 0.20884 -0.12864 0.20884 -0.1282 0.42073 0.42073 -0.12689 -0.13812 -0.18562 -0.044885 -0.12646 0.46557 -0.044885 1 -0.06563 -0.12646 -0.04308 0.20928 -0.044885 0.46557 -0.090018 -0.058933 -0.12646 -0.12689 -0.12646 -0.12646 0.46557 -0.064985 -0.12646 -0.12733 0.46557 0.20884 -0.04308 0.46557 0.46557 -0.04308 0.20928 0.46557 0.46557 -0.12646 0.20928 -0.12338 -0.12338 0.20884 -0.13855 -0.13855 -0.13855 -0.12338 -0.21334 -0.21379 -0.21379 0.20884 -0.14154 -0.16015 -0.16015 -0.036128 -0.16015 -0.030278 -0.16015 -0.036128 -0.14918 0.20213 -0.042151 0.20213 0.20213 -0.16395 -0.036128 -0.083715 -0.037195 -0.16015 -0.061682 -0.12558 -0.12558 -0.061005 -0.16015 -0.037195 -0.15846 0.20077 -0.037195 -0.12733 -0.1038 -0.09053 -0.037195 0.20261 0.33255 -0.036128 -0.036128 -0.10569 -0.06627 -0.13211 -0.06563 -0.011442 -0.036128 0.19546 -0.036128 -0.061005 -0.06563 0.2298 -0.05963 -0.036128 0.2298 -0.05963 -0.036128 -0.036128 0.34291 0.2298 0.34291 0.2298 0.2298 -0.075936 0.2298 0.195 0.22143 0.22143
-0.040298 -0.038793 -0.041033 -0.071887 -0.089301 0.36363 0.3577 -0.08889 -0.06496 -0.040298 -0.029301 0.18049 0.18049 0.18049 -0.11118 0.18049 -0.1108 0.36363 0.36363 -0.10967 -0.11938 -0.13188 -0.038793 -0.10929 0.40238 -0.038793 -0.06563 1 -0.10929 -0.037233 0.18088 -0.038793 0.40238 -0.0778 -0.050935 -0.10929 -0.098063 -0.10929 -0.10929 0.40238 0.99018 -0.10929 -0.11005 0.40238 0.18049 -0.037233 0.40238 0.40238 -0.037233 0.18088 0.40238 0.40238 -0.10929 0.18088 -0.10664 -0.10664 0.18049 -0.11975 -0.11975 -0.11975 -0.10664 -0.18438 -0.18478 -0.18478 0.18049 -0.12233 0.39965 0.39965 -0.031225 0.39965 -0.026168 0.39965 -0.031225 0.42941 0.18166 -0.036431 0.18166 0.18166 0.39027 -0.031225 -0.072353 -0.032147 0.39965 -0.053311 -0.085161 -0.085161 0.92953 0.38949 -0.032147 0.35293 0.18049 -0.032147 -0.086884 0.52532 -0.048496 -0.032147 0.17511 -0.13392 0.0029933 0.0029933 -0.078151 0.81574 -0.091549 0.82388 -0.03392 0.0029933 0.18282 0.0029933 -0.031826 0.82388 -0.19637 0.90859 0.0029933 -0.19637 0.90859 0.0029933 0.0029933 -0.12804 -0.19637 -0.12804 -0.19637 -0.19637 0.72652 -0.19637 0.18243 -0.19648 -0.19648
-0.077648 -0.074747 -0.079062 -0.13851 -0.15611 -0.30056 -0.30555 -0.15526 -0.16031 -0.077648 -0.056458 0.34233 0.34233 0.34233 0.96936 0.34233 0.96581 -0.30056 -0.30056 0.98275 -0.16456 0.26246 -0.074747 1 -0.27162 -0.074747 -0.12646 -0.10929 1 -0.071741 0.34852 -0.074747 -0.27162 -0.14991 -0.098143 1 0.99655 1 1 -0.27162 -0.10822 1 -0.20516 -0.27162 0.34778 -0.071741 -0.27162 -0.27162 -0.071741 0.34852 -0.27162 -0.27162 1 0.34852 -0.20547 -0.20547 0.34778 -0.23073 -0.23073 -0.23073 -0.20547 0.59275 0.5915 0.5915 0.34778 0.89344 0.78961 0.78961 -0.060165 0.78961 -0.050422 0.78961 -0.060165 0.8477 0.35002 -0.070195 0.35002 0.35002 0.77132 -0.060165 0.662 -0.061941 0.7715 0.47547 0.97918 0.97918 -0.10159 0.7715 -0.061941 0.77981 0.34778 -0.061941 0.97248 0.4472 0.68052 -0.061941 0.3374 -0.34129 -0.060165 -0.060165 0.78085 -0.11036 0.93032 -0.10929 -0.065357 -0.060165 0.35227 -0.060165 0.43271 -0.10929 0.40871 -0.099303 -0.060165 0.40871 -0.099303 -0.060165 -0.060165 -0.33055 0.40871 -0.33055 0.40871 0.40871 -0.12646 0.40871 0.35152 0.39489 0.39489
0.92393 0.95979 0.9074 -0.047187 -0.058617 -0.10239 -0.10409 -0.058347 -0.059958 0.92393 -0.019234 0.11848 0.11848 0.11848 -0.072979 0.11848 -0.072732 -0.10239 -0.10239 -0.071989 0.31189 0.23208 0.95979 -0.071741 -0.092532 0.95979 -0.04308 -0.037233 -0.071741 1 0.11873 0.95979 -0.092532 -0.051069 -0.033434 -0.071741 -0.071989 -0.071741 -0.071741 -0.092532 -0.036867 -0.071741 -0.072237 -0.092532 0.11848 1 -0.092532 -0.092532 1 0.11873 -0.092532 -0.092532 -0.071741 0.11873 -0.069997 -0.069997 0.11848 0.31093 0.31093 0.31093 -0.069997 0.20193 0.2015 0.2015 0.11848 0.30437 0.13405 0.13405 0.73757 0.13405 -0.017177 0.13405 0.73757 -0.084631 -0.0023365 0.36831 -0.0023365 -0.0023365 0.26276 0.73757 -0.047493 0.71598 0.13405 -0.034994 -0.071244 -0.071244 -0.034609 0.13405 0.71598 0.1362 -0.003309 0.71598 -0.072237 -0.058887 -0.051359 0.71598 -0.0078962 -0.11022 0.73757 0.73757 -0.059958 -0.037596 -0.074947 -0.037233 -0.022265 0.73757 -0.0013674 0.73757 -0.034609 -0.037233 -0.17553 -0.033829 0.73757 -0.17553 -0.033829 0.73757 0.73757 -0.12001 -0.17553 -0.12001 -0.17553 -0.17553 0.33842 -0.17553 -0.00169 0.015951 0.015951
0.10341 0.097692 0.093844 -0.38997 0.27849 0.49293 0.50121 0.28346 0.27276 0.10341 0.093438 0.98071 0.98071 0.98071 0.34377 0.98071 0.34254 0.49293 0.49293 0.34973 0.36523 0.44924 0.1237 0.34852 0.44953 0.1237 0.20928 0.18088 0.34852 0.11873 1 0.1237 0.44953 0.24809 0.16242 0.34852 0.34973 0.34852 0.34852 0.44953 0.1791 0.34852 0.35093 0.44953 0.99786 0.11873 0.44953 0.44953 0.11873 1 0.44953 0.44953 0.34852 1 0.33452 0.33452 0.99786 0.37672 0.37672 0.37672 0.33452 0.58798 0.58496 0.58496 0.99786 0.39009 0.44139 0.44139 0.099573 0.44139 -0.14467 0.44139 0.099573 0.41114 0.96149 -0.077137 0.96149 0.96149 0.45185 0.099573 0.23072 0.10251 0.43664 0.17 0.34611 0.34611 0.16813 0.43664 0.10251 0.43196 0.9507 0.10251 0.34551 0.28608 0.24255 0.10251 0.92485 0.53264 0.099573 0.099573 0.27893 0.18264 0.3588 0.18088 0.10817 0.099573 0.92101 0.099573 0.16813 0.18088 0.78625 0.16435 0.099573 0.78625 0.16435 0.099573 0.099573 0.51891 0.78625 0.51891 0.78625 0.78625 0.20928 0.78625 0.91881 0.8158 0.8158
0.96264 0.92104 0.94541 -0.049164 -0.061073 -0.10668 -0.10845 -0.060792 -0.06247 0.96264 -0.020039 0.12344 0.12344 0.12344 -0.076036 0.12344 -0.075779 -0.10668 -0.10668 -0.075005 0.32496 0.2418 1 -0.074747 -0.096409 1 -0.044885 -0.038793 -0.074747 0.95979 0.1237 1 -0.096409 -0.053208 -0.034835 -0.074747 -0.075005 -0.074747 -0.074747 -0.096409 -0.038412 -0.074747 -0.075263 -0.096409 0.12344 0.95979 -0.096409 -0.096409 0.95979 0.1237 -0.096409 -0.096409 -0.074747 0.1237 -0.07293 -0.07293 0.12344 0.32395 0.32395 0.32395 -0.07293 0.21039 0.20995 0.20995 0.12344 0.31712 0.15048 0.15048 0.80492 0.15048 -0.017897 0.15048 0.80492 -0.088176 0.0073095 0.35231 0.0073095 0.0073095 0.27377 0.80492 -0.049483 0.78142 0.15048 -0.03646 -0.074229 -0.074229 -0.036059 0.15048 0.78142 0.15278 0.006313 0.78142 -0.075263 -0.061354 -0.053511 0.78142 0.001618 -0.11591 0.70771 0.70771 -0.06247 0.015942 -0.078086 0.016799 -0.023198 0.70771 0.0083029 0.70771 -0.036059 0.016799 -0.18288 -0.035247 0.70771 -0.18288 -0.035247 0.70771 0.70771 -0.12503 -0.18288 -0.12503 -0.18288 -0.18288 0.37094 -0.18288 0.0079721 0.00078092 0.00078092
-0.10015 -0.096409 -0.10198 -0.17046 -0.22193 0.88391 0.86929 -0.22091 -0.20666 -0.10015 -0.07282 0.44385 0.44385 0.44385 -0.25855 0.44385 -0.25758 0.88391 0.88391 -0.25465 -0.29668 -0.36934 -0.096409 -0.27162 1 -0.096409 0.46557 0.40238 -0.27162 -0.092532 0.44953 -0.096409 1 -0.19335 -0.12658 -0.27162 -0.26659 -0.27162 -0.27162 1 0.39843 -0.27162 -0.2735 1 0.44856 -0.092532 1 1 -0.092532 0.44953 1 1 -0.27162 0.44953 -0.26502 -0.26502 0.44856 -0.2976 -0.2976 -0.2976 -0.26502 -0.45823 -0.45921 -0.45921 0.44856 -0.30402 -0.067331 -0.067331 -0.077601 -0.067331 -0.065034 -0.067331 -0.077601 -0.03333 0.44675 -0.090538 0.44675 0.44675 -0.078619 -0.077601 -0.17981 -0.062784 -0.062111 -0.13249 -0.25772 -0.25772 0.37402 -0.067331 -0.062784 -0.083233 0.44385 -0.062784 -0.26158 0.093287 -0.17916 -0.062784 0.43518 0.47356 -0.042412 -0.042412 -0.20666 0.31652 -0.26049 0.31182 0.24062 -0.042412 0.41679 -0.042412 -0.098796 0.31182 0.27603 0.3656 -0.042412 0.27603 0.3656 -0.042412 -0.042412 0.49405 0.27603 0.49405 0.27603 0.27603 0.25306 0.27603 0.41581 0.26623 0.26623
-0.055273 -0.053208 -0.05628 -0.0986 0.41022 0.10934 0.096405 0.41264 0.39848 -0.055273 -0.04019 0.24756 0.24756 0.24756 -0.14371 0.24756 -0.14317 0.10934 0.10934 -0.15043 0.61809 0.48494 -0.053208 -0.14991 -0.19335 -0.053208 -0.090018 -0.0778 -0.14991 -0.051069 0.24809 -0.053208 -0.19335 1 0.65469 -0.14991 -0.15043 -0.14991 -0.14991 -0.19335 -0.077036 -0.14991 0.70696 -0.19335 0.24756 -0.051069 -0.19335 -0.19335 -0.051069 0.24809 -0.19335 -0.19335 -0.14991 0.24809 0.72958 0.72958 0.24756 0.6497 0.6497 0.6497 0.72958 0.42195 0.42105 0.42105 0.24756 -0.16779 -0.18985 -0.18985 -0.042828 -0.18985 -0.035892 -0.18985 -0.042828 -0.17684 0.24916 -0.049968 0.24916 0.24916 -0.19435 -0.042828 -0.099239 -0.044092 -0.1821 -0.057322 -0.14887 -0.14887 -0.072318 -0.17435 -0.044092 -0.17226 0.24057 -0.044092 -0.13325 -0.11284 -0.095961 -0.044092 0.23312 0.39237 -0.042828 -0.042828 -0.11521 -0.078559 -0.13933 -0.0778 -0.046524 -0.042828 0.23681 -0.042828 -0.072318 -0.0778 0.27738 -0.070688 -0.042828 0.27738 -0.070688 -0.042828 -0.042828 0.39766 0.27738 0.39766 0.27738 0.27738 -0.090018 0.27738 0.23627 0.26748 0.26748
-0.036187 -0.034835 -0.036846 -0.064552 -0.080189 0.32653 0.31066 -0.07982 -0.082023 -0.036187 -0.026312 0.16208 0.16208 0.16208 -0.099836 0.16208 -0.099498 0.32653 0.32653 -0.098482 0.42667 0.31749 -0.034835 -0.098143 -0.12658 -0.034835 -0.058933 -0.050935 -0.098143 -0.033434 0.16242 -0.034835 -0.12658 0.65469 1 -0.098143 -0.098482 -0.098143 -0.098143 -0.12658 -0.050435 -0.098143 0.46284 -0.12658 0.16208 -0.033434 -0.12658 -0.12658 -0.033434 0.16242 -0.12658 -0.12658 -0.098143 0.16242 0.47765 0.47765 0.16208 0.42535 0.42535 0.42535 0.47765 0.27624 0.27566 0.27566 0.16208 -0.10985 -0.12429 -0.12429 -0.028039 -0.12429 -0.023498 -0.12429 -0.028039 -0.11578 0.16312 -0.032713 0.16312 0.16312 -0.12724 -0.028039 -0.064971 -0.028867 -0.12429 -0.047871 -0.097463 -0.097463 -0.047345 -0.12429 -0.028867 -0.12298 0.15198 -0.028867 -0.098821 -0.080557 -0.07026 -0.028867 0.14706 0.26049 -0.028039 -0.028039 -0.082023 -0.051432 -0.10253 -0.050935 -0.030459 -0.028039 0.14404 -0.028039 -0.047345 -0.050935 0.1709 -0.046279 -0.028039 0.1709 -0.046279 -0.028039 -0.028039 0.25848 0.1709 0.25848 0.1709 0.1709 -0.058933 0.1709 0.14368 0.16437 0.16437
-0.077648 -0.074747 -0.079062 -0.13851 -0.15611 -0.30056 -0.30555 -0.15526 -0.16031 -0.077648 -0.056458 0.34233 0.34233 0.34233 0.96936 0.34233 0.96581 -0.30056 -0.30056 0.98275 -0.16456 0.26246 -0.074747 1 -0.27162 -0.074747 -0.12646 -0.10929 1 -0.071741 0.34852 -0.074747 -0.27162 -0.14991 -0.098143 1 0.99655 1 1 -0.27162 -0.10822 1 -0.20516 -0.27162 0.34778 -0.071741 -0.27162 -0.27162 -0.071741 0.34852 -0.27162 -0.27162 1 0.34852 -0.20547 -0.20547 0.34778 -0.23073 -0.23073 -0.23073 -0.20547 0.59275 0.5915 0.5915 0.34778 0.89344 0.78961 0.78961 -0.060165 0.78961 -0.050422 0.78961 -0.060165 0.8477 0.35002 -0.070195 0.35002 0.35002 0.77132 -0.060165 0.662 -0.061941 0.7715 0.47547 0.97918 0.97918 -0.10159 0.7715 -0.061941 0.77981 0.34778 -0.061941 0.97248 0.4472 0.68052 -0.061941 0.3374 -0.34129 -0.060165 -0.060165 0.78085 -0.11036 0.93032 -0.10929 -0.065357 -0.060165 0.35227 -0.060165 0.43271 -0.10929 0.40871 -0.099303 -0.060165 0.40871 -0.099303 -0.060165 -0.060165 -0.33055 0.40871 -0.33055 0.40871 0.40871 -0.12646 0.40871 0.35152 0.39489 0.39489
