1 -0.069518 0.98148 -0.069518 0.53975 -0.069518 0.53975 -0.069518 -0.069518 -0.029612 0.2919 -0.069518 -0.044005 -0.069518 -0.069518 0.29914 0.7042 -0.069518 0.96392 -0.023652 -0.071953 -0.071953 0.55019 0.2919 -0.071953 0.2919 -0.071953 0.53975 0.53975 0.49172 0.66162 0.53975 -0.023041 -0.069518 0.2975 0.53975 0.53975 -0.069518 -0.041077 0.7042 0.29914 -0.070062 0.53975 0.3008 0.7042 -0.068973 0.53975 -0.069246 0.3008 0.3008 0.7042 0.53975 -0.033351 0.28956 0.29832 0.3008 0.3008 0.3008 -0.018247 0.3008 -0.069246 -0.04848 0.53975 0.29997 -0.034664 0.3008 -0.068973 0.53975 0.3008 0.48395 0.37496 0.53975 -0.068973 0.53307 0.53975 0.53975 -0.068973 0.53975 0.53975 -0.3008 -0.53975 -0.3008 0.53975 -0.023041 -0.3008 -0.3008 -0.3008 -0.084785 -0.084528 0.7042 0.7042 0.7042 0.7042 -0.084528 -0.084528 0.5266 -0.24149 -0.084271 0.5266 -0.25659 0.084271 0.5266 -0.2572 -0.25782 0.96392 0.06284 0.5266 0.073292 -0.030584 -0.31666
-0.069518 1 -0.07083 1 -0.1288 1 -0.1288 1 1 -0.074643 0.73578 1 -0.11092 0.92949 0.92949 0.69486 -0.098719 0.92949 -0.072121 0.34023 0.96617 0.96617 -0.12635 0.73578 0.96617 0.73578 0.96617 -0.1288 -0.1288 -0.14138 -0.045995 -0.1288 -0.05808 0.99217 0.74991 -0.1288 -0.1288 1 0.59088 -0.098719 0.75405 0.99224 -0.1288 0.74504 -0.098719 0.99215 -0.1288 0.98822 0.74504 0.74504 -0.098719 -0.1288 -0.084067 0.75348 0.73884 0.74504 0.74504 0.74504 -0.045995 0.74504 0.99608 0.69737 -0.1288 0.74955 -0.087377 0.74504 0.99215 -0.1288 0.74504 -0.098719 -0.12553 -0.1288 0.99215 -0.11076 -0.1288 -0.1288 0.99215 -0.1288 -0.1288 -0.74504 0.1288 -0.74504 -0.1288 -0.05808 -0.74504 -0.74504 -0.74504 0.80615 0.79481 -0.098719 -0.098719 -0.098719 -0.098719 0.79481 0.79481 -0.13201 -0.57883 0.79727 -0.13201 -0.6223 -0.79727 -0.13201 -0.6177 -0.61923 -0.072121 -0.87021 -0.13201 -0.73697 -0.077092 -0.60823
0.98148 -0.07083 1 -0.07083 0.54993 -0.07083 0.54993 -0.07083 -0.07083 -0.030171 0.29741 -0.07083 -0.044835 -0.07083 -0.07083 0.30479 0.71749 -0.07083 0.9821 -0.024098 -0.073311 -0.073311 0.56058 0.29741 -0.073311 0.29741 -0.073311 0.54993 0.54993 0.501 0.64936 0.54993 -0.023476 -0.07083 0.30312 0.54993 0.54993 -0.07083 -0.041852 0.71749 0.30479 -0.071384 0.54993 0.30648 0.71749 -0.070274 0.54993 -0.070552 0.30648 0.30648 0.71749 0.54993 -0.03398 0.29556 0.30395 0.30648 0.30648 0.30648 -0.018591 0.30648 -0.070552 -0.049395 0.54993 0.30563 -0.035318 0.30648 -0.070274 0.54993 0.30648 0.50109 0.38854 0.54993 -0.070274 0.54312 0.54993 0.54993 -0.070274 0.54993 0.54993 -0.30648 -0.54993 -0.30648 0.54993 -0.023476 -0.30648 -0.30648 -0.30648 -0.086385 -0.086123 0.71749 0.71749 0.71749 0.71749 -0.086123 -0.086123 0.53654 -0.24605 -0.085861 0.53654 -0.26143 0.085861 0.53654 -0.26206 -0.26268 0.9821 0.064026 0.53654 0.074675 -0.031161 -0.32264
-0.069518 1 -0.07083 1 -0.1288 1 -0.1288 1 1 -0.074643 0.73578 1 -0.11092 0.92949 0.92949 0.69486 -0.098719 0.92949 -0.072121 0.34023 0.96617 0.96617 -0.12635 0.73578 0.96617 0.73578 0.96617 -0.1288 -0.1288 -0.14138 -0.045995 -0.1288 -0.05808 0.99217 0.74991 -0.1288 -0.1288 1 0.59088 -0.098719 0.75405 0.99224 -0.1288 0.74504 -0.098719 0.99215 -0.1288 0.98822 0.74504 0.74504 -0.098719 -0.1288 -0.084067 0.75348 0.73884 0.74504 0.74504 0.74504 -0.045995 0.74504 0.99608 0.69737 -0.1288 0.74955 -0.087377 0.74504 0.99215 -0.1288 0.74504 -0.098719 -0.12553 -0.1288 0.99215 -0.11076 -0.1288 -0.1288 0.99215 -0.1288 -0.1288 -0.74504 0.1288 -0.74504 -0.1288 -0.05808 -0.74504 -0.74504 -0.74504 0.80615 0.79481 -0.098719 -0.098719 -0.098719 -0.098719 0.79481 0.79481 -0.13201 -0.57883 0.79727 -0.13201 -0.6223 -0.79727 -0.13201 -0.6177 -0.61923 -0.072121 -0.87021 -0.13201 -0.73697 -0.077092 -0.60823
0.53975 -0.1288 0.54993 -0.1288 1 -0.1288 1 -0.1288 -0.1288 0.57953 0.54081 -0.1288 -0.081529 -0.1288 -0.1288 0.55423 0.76646 -0.1288 0.55995 -0.043821 -0.13331 -0.13331 0.98101 0.54081 -0.13331 0.54081 -0.13331 1 1 0.91102 0.3571 1 -0.042689 -0.1288 0.55119 1 1 -0.1288 -0.076105 0.76646 0.55423 -0.12981 1 0.55731 0.76646 -0.12779 1 -0.12829 0.55731 0.55731 0.76646 1 -0.06179 0.52993 0.55271 0.55731 0.55731 0.55731 0.3571 0.55731 -0.12829 -0.089821 1 0.55577 -0.064223 0.55731 -0.12779 1 0.55731 0.76646 0.92321 1 -0.12779 0.98762 1 1 -0.12779 1 1 -0.55731 -1 -0.55731 1 -0.042689 -0.55731 -0.55731 -0.55731 -0.13089 -0.13036 0.76646 0.76646 0.76646 0.76646 -0.13036 -0.13036 0.92633 -0.44742 -0.12984 0.93866 -0.47539 0.12984 0.93866 -0.47652 -0.47767 0.53881 0.084371 0.93866 -0.18973 -0.056663 -0.58669
-0.069518 1 -0.07083 1 -0.1288 1 -0.1288 1 1 -0.074643 0.73578 1 -0.11092 0.92949 0.92949 0.69486 -0.098719 0.92949 -0.072121 0.34023 0.96617 0.96617 -0.12635 0.73578 0.96617 0.73578 0.96617 -0.1288 -0.1288 -0.14138 -0.045995 -0.1288 -0.05808 0.99217 0.74991 -0.1288 -0.1288 1 0.59088 -0.098719 0.75405 0.99224 -0.1288 0.74504 -0.098719 0.99215 -0.1288 0.98822 0.74504 0.74504 -0.098719 -0.1288 -0.084067 0.75348 0.73884 0.74504 0.74504 0.74504 -0.045995 0.74504 0.99608 0.69737 -0.1288 0.74955 -0.087377 0.74504 0.99215 -0.1288 0.74504 -0.098719 -0.12553 -0.1288 0.99215 -0.11076 -0.1288 -0.1288 0.99215 -0.1288 -0.1288 -0.74504 0.1288 -0.74504 -0.1288 -0.05808 -0.74504 -0.74504 -0.74504 0.80615 0.79481 -0.098719 -0.098719 -0.098719 -0.098719 0.79481 0.79481 -0.13201 -0.57883 0.79727 -0.13201 -0.6223 -0.79727 -0.13201 -0.6177 -0.61923 -0.072121 -0.87021 -0.13201 -0.73697 -0.077092 -0.60823
0.53975 -0.1288 0.54993 -0.1288 1 -0.1288 1 -0.1288 -0.1288 0.57953 0.54081 -0.1288 -0.081529 -0.1288 -0.1288 0.55423 0.76646 -0.1288 0.55995 -0.043821 -0.13331 -0.13331 0.98101 0.54081 -0.13331 0.54081 -0.13331 1 1 0.91102 0.3571 1 -0.042689 -0.1288 0.55119 1 1 -0.1288 -0.076105 0.76646 0.55423 -0.12981 1 0.55731 0.76646 -0.12779 1 -0.12829 0.55731 0.55731 0.76646 1 -0.06179 0.52993 0.55271 0.55731 0.55731 0.55731 0.3571 0.55731 -0.12829 -0.089821 1 0.55577 -0.064223 0.55731 -0.12779 1 0.55731 0.76646 0.92321 1 -0.12779 0.98762 1 1 -0.12779 1 1 -0.55731 -1 -0.55731 1 -0.042689 -0.55731 -0.55731 -0.55731 -0.13089 -0.13036 0.76646 0.76646 0.76646 0.76646 -0.13036 -0.13036 0.92633 -0.44742 -0.12984 0.93866 -0.47539 0.12984 0.93866 -0.47652 -0.47767 0.53881 0.084371 0.93866 -0.18973 -0.056663 -0.58669
-0.069518 1 -0.07083 1 -0.1288 1 -0.1288 1 1 -0.074643 0.73578 1 -0.11092 0.92949 0.92949 0.69486 -0.098719 0.92949 -0.072121 0.34023 0.96617 0.96617 -0.12635 0.73578 0.96617 0.73578 0.96617 -0.1288 -0.1288 -0.14138 -0.045995 -0.1288 -0.05808 0.99217 0.74991 -0.1288 -0.1288 1 0.59088 -0.098719 0.75405 0.99224 -0.1288 0.74504 -0.098719 0.99215 -0.1288 0.98822 0.74504 0.74504 -0.098719 -0.1288 -0.084067 0.75348 0.73884 0.74504 0.74504 0.74504 -0.045995 0.74504 0.99608 0.69737 -0.1288 0.74955 -0.087377 0.74504 0.99215 -0.1288 0.74504 -0.098719 -0.12553 -0.1288 0.99215 -0.11076 -0.1288 -0.1288 0.99215 -0.1288 -0.1288 -0.74504 0.1288 -0.74504 -0.1288 -0.05808 -0.74504 -0.74504 -0.74504 0.80615 0.79481 -0.098719 -0.098719 -0.098719 -0.098719 0.79481 0.79481 -0.13201 -0.57883 0.79727 -0.13201 -0.6223 -0.79727 -0.13201 -0.6177 -0.61923 -0.072121 -0.87021 -0.13201 -0.73697 -0.077092 -0.60823
-0.069518 1 -0.07083 1 -0.1288 1 -0.1288 1 1 -0.074643 0.73578 1 -0.11092 0.92949 0.92949 0.69486 -0.098719 0.92949 -0.072121 0.34023 0.96617 0.96617 -0.12635 0.73578 0.96617 0.73578 0.96617 -0.1288 -0.1288 -0.14138 -0.045995 -0.1288 -0.05808 0.99217 0.74991 -0.1288 -0.1288 1 0.59088 -0.098719 0.75405 0.99224 -0.1288 0.74504 -0.098719 0.99215 -0.1288 0.98822 0.74504 0.74504 -0.098719 -0.1288 -0.084067 0.75348 0.73884 0.74504 0.74504 0.74504 -0.045995 0.74504 0.99608 0.69737 -0.1288 0.74955 -0.087377 0.74504 0.99215 -0.1288 0.74504 -0.098719 -0.12553 -0.1288 0.99215 -0.11076 -0.1288 -0.1288 0.99215 -0.1288 -0.1288 -0.74504 0.1288 -0.74504 -0.1288 -0.05808 -0.74504 -0.74504 -0.74504 0.80615 0.79481 -0.098719 -0.098719 -0.098719 -0.098719 0.79481 0.79481 -0.13201 -0.57883 0.79727 -0.13201 -0.6223 -0.79727 -0.13201 -0.6177 -0.61923 -0.072121 -0.87021 -0.13201 -0.73697 -0.077092 -0.60823
-0.029612 -0.074643 -0.030171 -0.074643 0.57953 -0.074643 0.57953 -0.074643 -0.074643 1 0.31341 -0.074643 -0.047248 -0.074643 -0.074643 0.32119 -0.04205 -0.074643 -0.030721 -0.025395 -0.077257 -0.077257 0.59075 0.31341 -0.077257 0.31341 -0.077257 0.57953 0.57953 0.52796 -0.019592 0.57953 -0.02474 -0.074643 0.31943 0.57953 0.57953 -0.074643 -0.044105 -0.04205 0.32119 -0.075227 0.57953 0.32298 -0.04205 -0.074057 0.57953 -0.07435 0.32298 0.32298 -0.04205 0.57953 -0.035809 0.28558 0.32031 0.32298 0.32298 0.32298 0.6162 0.32298 -0.07435 -0.052054 0.57953 0.32208 -0.037219 0.32298 -0.074057 0.57953 0.32298 0.086686 0.59462 0.57953 -0.074057 0.57236 0.57953 0.57953 -0.074057 0.57953 0.57953 -0.32298 -0.57953 -0.32298 0.57953 -0.02474 -0.32298 -0.32298 -0.32298 -0.091035 -0.090759 -0.04205 -0.04205 -0.04205 -0.04205 -0.090759 -0.090759 0.54536 -0.25929 -0.090483 0.56542 -0.2755 0.090483 0.56542 -0.27616 -0.27682 -0.030721 0.067472 0.56542 -0.40403 -0.032838 -0.34001
0.2919 0.73578 0.29741 0.73578 0.54081 0.73578 0.54081 0.73578 0.73578 0.31341 1 0.73578 -0.15075 0.73578 0.73578 0.97578 0.41451 0.73578 0.30282 0.25033 0.76155 0.76155 0.53053 1 0.76155 1 0.76155 0.54081 0.54081 0.47157 0.19312 0.54081 -0.078937 0.72929 0.97029 0.54081 0.54081 0.73578 0.43476 0.41451 0.97578 0.72862 0.54081 0.97039 0.41451 0.73001 0.54081 0.72638 0.97039 0.97039 0.41451 0.54081 -0.11426 0.95961 0.96214 0.97039 0.97039 0.97039 0.19312 0.97039 0.7329 0.51311 0.54081 0.97308 -0.11875 0.97039 0.73001 0.54081 0.97039 0.41451 0.49346 0.54081 0.73001 0.54758 0.54081 0.54081 0.73001 0.54081 0.54081 -0.97039 -0.54081 -0.97039 0.54081 -0.078937 -0.97039 -0.97039 -0.97039 0.57185 0.56283 0.41451 0.41451 0.41451 0.41451 0.56283 0.56283 0.4898 -0.75796 0.56525 0.49787 -0.81312 -0.56525 0.49787 -0.81009 -0.81213 0.289 -0.65811 0.49787 -0.72563 -0.10478 -0.8768
-0.069518 1 -0.07083 1 -0.1288 1 -0.1288 1 1 -0.074643 0.73578 1 -0.11092 0.92949 0.92949 0.69486 -0.098719 0.92949 -0.072121 0.34023 0.96617 0.96617 -0.12635 0.73578 0.96617 0.73578 0.96617 -0.1288 -0.1288 -0.14138 -0.045995 -0.1288 -0.05808 0.99217 0.74991 -0.1288 -0.1288 1 0.59088 -0.098719 0.75405 0.99224 -0.1288 0.74504 -0.098719 0.99215 -0.1288 0.98822 0.74504 0.74504 -0.098719 -0.1288 -0.084067 0.75348 0.73884 0.74504 0.74504 0.74504 -0.045995 0.74504 0.99608 0.69737 -0.1288 0.74955 -0.087377 0.74504 0.99215 -0.1288 0.74504 -0.098719 -0.12553 -0.1288 0.99215 -0.11076 -0.1288 -0.1288 0.99215 -0.1288 -0.1288 -0.74504 0.1288 -0.74504 -0.1288 -0.05808 -0.74504 -0.74504 -0.74504 0.80615 0.79481 -0.098719 -0.098719 -0.098719 -0.098719 0.79481 0.79481 -0.13201 -0.57883 0.79727 -0.13201 -0.6223 -0.79727 -0.13201 -0.6177 -0.61923 -0.072121 -0.87021 -0.13201 -0.73697 -0.077092 -0.60823
-0.044005 -0.11092 -0.044835 -0.11092 -0.081529 -0.11092 -0.081529 -0.11092 -0.11092 -0.047248 -0.15075 -0.11092 1 -0.11092 -0.11092 -0.1471 -0.062488 -0.11092 -0.045652 -0.037738 -0.11481 -0.11481 -0.07998 -0.15075 -0.11481 -0.15075 -0.11481 -0.081529 -0.081529 -0.089492 -0.029114 -0.081529 -0.036764 -0.11092 -0.14791 -0.081529 -0.081529 -0.11092 -0.065542 -0.062488 -0.1471 -0.11179 -0.081529 -0.14629 -0.062488 -0.11005 -0.081529 -0.11049 -0.14629 -0.14629 -0.062488 -0.081529 -0.053214 -0.14466 -0.14751 -0.14629 -0.14629 -0.14629 -0.029114 -0.14629 -0.11049 -0.077354 -0.081529 -0.1467 -0.055309 -0.14629 -0.11005 -0.081529 -0.14629 -0.062488 -0.07946 -0.081529 -0.11005 -0.08255 -0.081529 -0.081529 -0.11005 -0.081529 -0.081529 0.14629 0.081529 0.14629 -0.081529 -0.036764 0.14629 0.14629 0.14629 -0.13528 -0.13487 -0.062488 -0.062488 -0.062488 -0.062488 -0.13487 -0.13487 -0.083564 0.18222 -0.13446 -0.083564 0.1715 0.13446 -0.083564 0.17109 0.17068 -0.045652 0.10027 -0.083564 0.11694 -0.048799 0.13896
-0.069518 0.92949 -0.07083 0.92949 -0.1288 0.92949 -0.1288 0.92949 0.92949 -0.074643 0.73578 0.92949 -0.11092 1 1 0.75405 -0.098719 1 -0.072121 0.34023 0.96617 0.96617 -0.12635 0.73578 0.96617 0.73578 0.96617 -0.1288 -0.1288 -0.14138 -0.045995 -0.1288 -0.05808 0.92165 0.69089 -0.1288 -0.1288 0.92949 0.59088 -0.098719 0.69486 0.92211 -0.1288 0.68568 -0.098719 0.92125 -0.1288 0.91751 0.68568 0.68568 -0.098719 -0.1288 -0.084067 0.69376 0.67974 0.68568 0.68568 0.68568 -0.045995 0.68568 0.92537 0.604 -0.1288 0.69027 -0.087377 0.68568 0.92125 -0.1288 0.68568 -0.098719 -0.12553 -0.1288 0.92125 -0.11076 -0.1288 -0.1288 0.92125 -0.1288 -0.1288 -0.68568 0.1288 -0.68568 -0.1288 -0.05808 -0.68568 -0.68568 -0.68568 0.74413 0.73268 -0.098719 -0.098719 -0.098719 -0.098719 0.73268 0.73268 -0.13201 -0.52504 0.73503 -0.13201 -0.56724 -0.73503 -0.13201 -0.56259 -0.56406 -0.072121 -0.79433 -0.13201 -0.66898 -0.077092 -0.54717
-0.069518 0.92949 -0.07083 0.92949 -0.1288 0.92949 -0.1288 0.92949 0.92949 -0.074643 0.73578 0.92949 -0.11092 1 1 0.75405 -0.098719 1 -0.072121 0.34023 0.96617 0.96617 -0.12635 0.73578 0.96617 0.73578 0.96617 -0.1288 -0.1288 -0.14138 -0.045995 -0.1288 -0.05808 0.92165 0.69089 -0.1288 -0.1288 0.92949 0.59088 -0.098719 0.69486 0.92211 -0.1288 0.68568 -0.098719 0.92125 -0.1288 0.91751 0.68568 0.68568 -0.098719 -0.1288 -0.084067 0.69376 0.67974 0.68568 0.68568 0.68568 -0.045995 0.68568 0.92537 0.604 -0.1288 0.69027 -0.087377 0.68568 0.92125 -0.1288 0.68568 -0.098719 -0.12553 -0.1288 0.92125 -0.11076 -0.1288 -0.1288 0.92125 -0.1288 -0.1288 -0.68568 0.1288 -0.68568 -0.1288 -0.05808 -0.68568 -0.68568 -0.68568 0.74413 0.73268 -0.098719 -0.098719 -0.098719 -0.098719 0.73268 0.73268 -0.13201 -0.52504 0.73503 -0.13201 -0.56724 -0.73503 -0.13201 -0.56259 -0.56406 -0.072121 -0.79433 -0.13201 -0.66898 -0.077092 -0.54717
0.29914 0.69486 0.30479 0.69486 0.55423 0.69486 0.55423 0.69486 0.69486 0.32119 0.97578 0.69486 -0.1471 0.75405 0.75405 1 0.4248 0.75405 0.31034 0.25655 0.72266 0.72266 0.5437 0.97578 0.72266 0.97578 0.72266 0.55423 0.55423 0.48474 0.19792 0.55423 -0.077025 0.68828 0.94498 0.55423 0.55423 0.69486 0.44555 0.4248 0.95032 0.688 0.55423 0.94465 0.4248 0.68861 0.55423 0.68515 0.94465 0.94465 0.4248 0.55423 -0.11149 0.93331 0.93662 0.94465 0.94465 0.94465 0.19792 0.94465 0.69174 0.44748 0.55423 0.94749 -0.11588 0.94465 0.68861 0.55423 0.94465 0.4248 0.50611 0.55423 0.68861 0.56118 0.55423 0.55423 0.68861 0.55423 0.55423 -0.94465 -0.55423 -0.94465 0.55423 -0.077025 -0.94465 -0.94465 -0.94465 0.5379 0.52864 0.4248 0.4248 0.4248 0.4248 0.52864 0.52864 0.50274 -0.73703 0.53095 0.5109 -0.79098 -0.53095 0.5109 -0.78783 -0.78982 0.29634 -0.61084 0.5109 -0.68717 -0.10224 -0.84786
0.7042 -0.098719 0.71749 -0.098719 0.76646 -0.098719 0.76646 -0.098719 -0.098719 -0.04205 0.41451 -0.098719 -0.062488 -0.098719 -0.098719 0.4248 1 -0.098719 0.73057 -0.033587 -0.10218 -0.10218 0.7813 0.41451 -0.10218 0.41451 -0.10218 0.76646 0.76646 0.69826 0.46591 0.76646 -0.03272 -0.098719 0.42246 0.76646 0.76646 -0.098719 -0.058331 1 0.4248 -0.099491 0.76646 0.42715 1 -0.097944 0.76646 -0.098332 0.42715 0.42715 1 0.76646 -0.04736 0.42137 0.42363 0.42715 0.42715 0.42715 -0.025911 0.42715 -0.098332 -0.068844 0.76646 0.42597 -0.049224 0.42715 -0.097944 0.76646 0.42715 0.84066 0.65704 0.76646 -0.097944 0.75697 0.76646 0.76646 -0.097944 0.76646 0.76646 -0.42715 -0.76646 -0.42715 0.76646 -0.03272 -0.42715 -0.42715 -0.42715 -0.1204 -0.12003 1 1 1 1 -0.12003 -0.12003 0.74779 -0.34293 -0.11967 0.74779 -0.36436 0.11967 0.74779 -0.36524 -0.36611 0.70397 0.089235 0.74779 0.10408 -0.04343 -0.44968
-0.069518 0.92949 -0.07083 0.92949 -0.1288 0.92949 -0.1288 0.92949 0.92949 -0.074643 0.73578 0.92949 -0.11092 1 1 0.75405 -0.098719 1 -0.072121 0.34023 0.96617 0.96617 -0.12635 0.73578 0.96617 0.73578 0.96617 -0.1288 -0.1288 -0.14138 -0.045995 -0.1288 -0.05808 0.92165 0.69089 -0.1288 -0.1288 0.92949 0.59088 -0.098719 0.69486 0.92211 -0.1288 0.68568 -0.098719 0.92125 -0.1288 0.91751 0.68568 0.68568 -0.098719 -0.1288 -0.084067 0.69376 0.67974 0.68568 0.68568 0.68568 -0.045995 0.68568 0.92537 0.604 -0.1288 0.69027 -0.087377 0.68568 0.92125 -0.1288 0.68568 -0.098719 -0.12553 -0.1288 0.92125 -0.11076 -0.1288 -0.1288 0.92125 -0.1288 -0.1288 -0.68568 0.1288 -0.68568 -0.1288 -0.05808 -0.68568 -0.68568 -0.68568 0.74413 0.73268 -0.098719 -0.098719 -0.098719 -0.098719 0.73268 0.73268 -0.13201 -0.52504 0.73503 -0.13201 -0.56724 -0.73503 -0.13201 -0.56259 -0.56406 -0.072121 -0.79433 -0.13201 -0.66898 -0.077092 -0.54717
0.96392 -0.072121 0.9821 -0.072121 0.55995 -0.072121 0.55995 -0.072121 -0.072121 -0.030721 0.30282 -0.072121 -0.045652 -0.072121 -0.072121 0.31034 0.73057 -0.072121 1 -0.024537 -0.074646 -0.074646 0.57079 0.30282 -0.074646 0.30282 -0.074646 0.55995 0.55995 0.51013 0.63774 0.55995 -0.023904 -0.072121 0.30864 0.55995 0.55995 -0.072121 -0.042615 0.73057 0.31034 -0.072685 0.55995 0.31206 0.73057 -0.071555 0.55995 -0.071838 0.31206 0.31206 0.73057 0.55995 -0.0346 0.30145 0.30949 0.31206 0.31206 0.31206 -0.01893 0.31206 -0.071838 -0.050295 0.55995 0.3112 -0.035962 0.31206 -0.071555 0.55995 0.31206 0.51782 0.40179 0.55995 -0.071555 0.55302 0.55995 0.55995 -0.071555 0.55995 0.55995 -0.31206 -0.55995 -0.31206 0.55995 -0.023904 -0.31206 -0.31206 -0.31206 -0.087959 -0.087693 0.73057 0.73057 0.73057 0.73057 -0.087693 -0.087693 0.54631 -0.25053 -0.087426 0.54631 -0.26619 0.087426 0.54631 -0.26683 -0.26747 0.96449 0.065192 0.54631 0.076036 -0.031729 -0.32852
-0.023652 0.34023 -0.024098 0.34023 -0.043821 0.34023 -0.043821 0.34023 0.34023 -0.025395 0.25033 0.34023 -0.037738 0.34023 0.34023 0.25655 -0.033587 0.34023 -0.024537 1 0.32872 0.32872 -0.042988 0.25033 0.32872 0.25033 0.32872 -0.043821 -0.043821 -0.048101 -0.015649 -0.043821 -0.01976 0.34023 0.25514 -0.043821 -0.043821 0.34023 -0.035228 -0.033587 0.25655 0.33759 -0.043821 0.25797 -0.033587 0.34292 -0.043821 0.34157 0.25797 0.25797 -0.033587 -0.043821 -0.028602 0.26087 0.25584 0.25797 0.25797 0.25797 -0.015649 0.25797 0.34157 0.48787 -0.043821 0.25726 -0.029728 0.25797 0.34292 -0.043821 0.25797 -0.033587 -0.042709 -0.043821 0.34292 -0.04437 -0.043821 -0.043821 0.34292 -0.043821 -0.043821 -0.25797 0.043821 -0.25797 -0.043821 -0.01976 -0.25797 -0.25797 -0.25797 0.27896 0.27981 -0.033587 -0.033587 -0.033587 -0.033587 0.27981 0.27981 -0.044915 -0.2071 0.28066 -0.044915 -0.22005 -0.28066 -0.044915 -0.20495 -0.22111 -0.024537 0.053892 -0.044915 0.062855 -0.026229 0.074691
-0.071953 0.96617 -0.073311 0.96617 -0.13331 0.96617 -0.13331 0.96617 0.96617 -0.077257 0.76155 0.96617 -0.11481 0.96617 0.96617 0.72266 -0.10218 0.96617 -0.074646 0.32872 1 1 -0.13078 0.76155 1 0.76155 1 -0.13331 -0.13331 -0.14633 -0.047605 -0.13331 -0.060114 0.95852 0.71854 -0.13331 -0.13331 0.96617 0.57089 -0.10218 0.72266 0.95851 -0.13331 0.71394 -0.10218 0.95858 -0.13331 0.95471 0.71394 0.71394 -0.10218 -0.13331 -0.087011 0.72233 0.70777 0.71394 0.71394 0.71394 -0.047605 0.71394 0.96238 0.67378 -0.13331 0.7183 -0.090436 0.71394 0.95858 -0.13331 0.71394 -0.10218 -0.12993 -0.13331 0.95858 -0.11579 -0.13331 -0.13331 0.95858 -0.13331 -0.13331 -0.71394 0.13331 -0.71394 -0.13331 -0.060114 -0.71394 -0.71394 -0.71394 0.77463 0.7636 -0.10218 -0.10218 -0.10218 -0.10218 0.7636 0.7636 -0.13664 -0.54833 0.76604 -0.13664 -0.59176 -0.76604 -0.13664 -0.58731 -0.58884 -0.074646 -0.84042 -0.13664 -0.70878 -0.079792 -0.58104
-0.071953 0.96617 -0.073311 0.96617 -0.13331 0.96617 -0.13331 0.96617 0.96617 -0.077257 0.76155 0.96617 -0.11481 0.96617 0.96617 0.72266 -0.10218 0.96617 -0.074646 0.32872 1 1 -0.13078 0.76155 1 0.76155 1 -0.13331 -0.13331 -0.14633 -0.047605 -0.13331 -0.060114 0.95852 0.71854 -0.13331 -0.13331 0.96617 0.57089 -0.10218 0.72266 0.95851 -0.13331 0.71394 -0.10218 0.95858 -0.13331 0.95471 0.71394 0.71394 -0.10218 -0.13331 -0.087011 0.72233 0.70777 0.71394 0.71394 0.71394 -0.047605 0.71394 0.96238 0.67378 -0.13331 0.7183 -0.090436 0.71394 0.95858 -0.13331 0.71394 -0.10218 -0.12993 -0.13331 0.95858 -0.11579 -0.13331 -0.13331 0.95858 -0.13331 -0.13331 -0.71394 0.13331 -0.71394 -0.13331 -0.060114 -0.71394 -0.71394 -0.71394 0.77463 0.7636 -0.10218 -0.10218 -0.10218 -0.10218 0.7636 0.7636 -0.13664 -0.54833 0.76604 -0.13664 -0.59176 -0.76604 -0.13664 -0.58731 -0.58884 -0.074646 -0.84042 -0.13664 -0.70878 -0.079792 -0.58104
0.55019 -0.12635 0.56058 -0.12635 0.98101 -0.12635 0.98101 -0.12635 -0.12635 0.59075 0.53053 -0.12635 -0.07998 -0.12635 -0.12635 0.5437 0.7813 -0.12635 0.57079 -0.042988 -0.13078 -0.13078 1 0.53053 -0.13078 0.53053 -0.13078 0.98101 0.98101 0.89372 0.36402 0.98101 -0.041879 -0.12635 0.54072 0.98101 0.98101 -0.12635 -0.074659 0.7813 0.5437 -0.12734 0.98101 0.54672 0.7813 -0.12536 0.98101 -0.12586 0.54672 0.54672 0.7813 0.98101 -0.060617 0.51869 0.54221 0.54672 0.54672 0.54672 0.36402 0.54672 -0.12586 -0.088115 0.98101 0.54521 -0.063003 0.54672 -0.12536 0.98101 0.54672 0.73305 0.90207 0.98101 -0.12536 0.96887 0.98101 0.98101 -0.12536 0.98101 0.98101 -0.54672 -0.98101 -0.54672 0.98101 -0.041879 -0.54672 -0.54672 -0.54672 -0.1541 -0.15363 0.7813 0.7813 0.7813 0.7813 -0.15363 -0.15363 0.94459 -0.43892 -0.15317 0.95711 -0.46636 0.15317 0.95711 -0.46747 -0.4686 0.54932 0.11421 0.95711 -0.16835 -0.055587 -0.57555
0.2919 0.73578 0.29741 0.73578 0.54081 0.73578 0.54081 0.73578 0.73578 0.31341 1 0.73578 -0.15075 0.73578 0.73578 0.97578 0.41451 0.73578 0.30282 0.25033 0.76155 0.76155 0.53053 1 0.76155 1 0.76155 0.54081 0.54081 0.47157 0.19312 0.54081 -0.078937 0.72929 0.97029 0.54081 0.54081 0.73578 0.43476 0.41451 0.97578 0.72862 0.54081 0.97039 0.41451 0.73001 0.54081 0.72638 0.97039 0.97039 0.41451 0.54081 -0.11426 0.95961 0.96214 0.97039 0.97039 0.97039 0.19312 0.97039 0.7329 0.51311 0.54081 0.97308 -0.11875 0.97039 0.73001 0.54081 0.97039 0.41451 0.49346 0.54081 0.73001 0.54758 0.54081 0.54081 0.73001 0.54081 0.54081 -0.97039 -0.54081 -0.97039 0.54081 -0.078937 -0.97039 -0.97039 -0.97039 0.57185 0.56283 0.41451 0.41451 0.41451 0.41451 0.56283 0.56283 0.4898 -0.75796 0.56525 0.49787 -0.81312 -0.56525 0.49787 -0.81009 -0.81213 0.289 -0.65811 0.49787 -0.72563 -0.10478 -0.8768
-0.071953 0.96617 -0.073311 0.96617 -0.13331 0.96617 -0.13331 0.96617 0.96617 -0.077257 0.76155 0.96617 -0.11481 0.96617 0.96617 0.72266 -0.10218 0.96617 -0.074646 0.32872 1 1 -0.13078 0.76155 1 0.76155 1 -0.13331 -0.13331 -0.14633 -0.047605 -0.13331 -0.060114 0.95852 0.71854 -0.13331 -0.13331 0.96617 0.57089 -0.10218 0.72266 0.95851 -0.13331 0.71394 -0.10218 0.95858 -0.13331 0.95471 0.71394 0.71394 -0.10218 -0.13331 -0.087011 0.72233 0.70777 0.71394 0.71394 0.71394 -0.047605 0.71394 0.96238 0.67378 -0.13331 0.7183 -0.090436 0.71394 0.95858 -0.13331 0.71394 -0.10218 -0.12993 -0.13331 0.95858 -0.11579 -0.13331 -0.13331 0.95858 -0.13331 -0.13331 -0.71394 0.13331 -0.71394 -0.13331 -0.060114 -0.71394 -0.71394 -0.71394 0.77463 0.7636 -0.10218 -0.10218 -0.10218 -0.10218 0.7636 0.7636 -0.13664 -0.54833 0.76604 -0.13664 -0.59176 -0.76604 -0.13664 -0.58731 -0.58884 -0.074646 -0.84042 -0.13664 -0.70878 -0.079792 -0.58104
0.2919 0.73578 0.29741 0.73578 0.54081 0.73578 0.54081 0.73578 0.73578 0.31341 1 0.73578 -0.15075 0.73578 0.73578 0.97578 0.41451 0.73578 0.30282 0.25033 0.76155 0.76155 0.53053 1 0.76155 1 0.76155 0.54081 0.54081 0.47157 0.19312 0.54081 -0.078937 0.72929 0.97029 0.54081 0.54081 0.73578 0.43476 0.41451 0.97578 0.72862 0.54081 0.97039 0.41451 0.73001 0.54081 0.72638 0.97039 0.97039 0.41451 0.54081 -0.11426 0.95961 0.96214 0.97039 0.97039 0.97039 0.19312 0.97039 0.7329 0.51311 0.54081 0.97308 -0.11875 0.97039 0.73001 0.54081 0.97039 0.41451 0.49346 0.54081 0.73001 0.54758 0.54081 0.54081 0.73001 0.54081 0.54081 -0.97039 -0.54081 -0.97039 0.54081 -0.078937 -0.97039 -0.97039 -0.97039 0.57185 0.56283 0.41451 0.41451 0.41451 0.41451 0.56283 0.56283 0.4898 -0.75796 0.56525 0.49787 -0.81312 -0.56525 0.49787 -0.81009 -0.81213 0.289 -0.65811 0.49787 -0.72563 -0.10478 -0.8768
-0.071953 0.96617 -0.073311 0.96617 -0.13331 0.96617 -0.13331 0.96617 0.96617 -0.077257 0.76155 0.96617 -0.11481 0.96617 0.96617 0.72266 -0.10218 0.96617 -0.074646 0.32872 1 1 -0.13078 0.76155 1 0.76155 1 -0.13331 -0.13331 -0.14633 -0.047605 -0.13331 -0.060114 0.95852 0.71854 -0.13331 -0.13331 0.96617 0.57089 -0.10218 0.72266 0.95851 -0.13331 0.71394 -0.10218 0.95858 -0.13331 0.95471 0.71394 0.71394 -0.10218 -0.13331 -0.087011 0.72233 0.70777 0.71394 0.71394 0.71394 -0.047605 0.71394 0.96238 0.67378 -0.13331 0.7183 -0.090436 0.71394 0.95858 -0.13331 0.71394 -0.10218 -0.12993 -0.13331 0.95858 -0.11579 -0.13331 -0.13331 0.95858 -0.13331 -0.13331 -0.71394 0.13331 -0.71394 -0.13331 -0.060114 -0.71394 -0.71394 -0.71394 0.77463 0.7636 -0.10218 -0.10218 -0.10218 -0.10218 0.7636 0.7636 -0.13664 -0.54833 0.76604 -0.13664 -0.59176 -0.76604 -0.13664 -0.58731 -0.58884 -0.074646 -0.84042 -0.13664 -0.70878 -0.079792 -0.58104
0.53975 -0.1288 0.54993 -0.1288 1 -0.1288 1 -0.1288 -0.1288 0.57953 0.54081 -0.1288 -0.081529 -0.1288 -0.1288 0.55423 0.76646 -0.1288 0.55995 -0.043821 -0.13331 -0.13331 0.98101 0.54081 -0.13331 0.54081 -0.13331 1 1 0.91102 0.3571 1 -0.042689 -0.1288 0.55119 1 1 -0.1288 -0.076105 0.76646 0.55423 -0.12981 1 0.55731 0.76646 -0.12779 1 -0.12829 0.55731 0.55731 0.76646 1 -0.06179 0.52993 0.55271 0.55731 0.55731 0.55731 0.3571 0.55731 -0.12829 -0.089821 1 0.55577 -0.064223 0.55731 -0.12779 1 0.55731 0.76646 0.92321 1 -0.12779 0.98762 1 1 -0.12779 1 1 -0.55731 -1 -0.55731 1 -0.042689 -0.55731 -0.55731 -0.55731 -0.13089 -0.13036 0.76646 0.76646 0.76646 0.76646 -0.13036 -0.13036 0.92633 -0.44742 -0.12984 0.93866 -0.47539 0.12984 0.93866 -0.47652 -0.47767 0.53881 0.084371 0.93866 -0.18973 -0.056663 -0.58669
0.53975 -0.1288 0.54993 -0.1288 1 -0.1288 1 -0.1288 -0.1288 0.57953 0.54081 -0.1288 -0.081529 -0.1288 -0.1288 0.55423 0.76646 -0.1288 0.55995 -0.043821 -0.13331 -0.13331 0.98101 0.54081 -0.13331 0.54081 -0.13331 1 1 0.91102 0.3571 1 -0.042689 -0.1288 0.55119 1 1 -0.1288 -0.076105 0.76646 0.55423 -0.12981 1 0.55731 0.76646 -0.12779 1 -0.12829 0.55731 0.55731 0.76646 1 -0.06179 0.52993 0.55271 0.55731 0.55731 0.55731 0.3571 0.55731 -0.12829 -0.089821 1 0.55577 -0.064223 0.55731 -0.12779 1 0.55731 0.76646 0.92321 1 -0.12779 0.98762 1 1 -0.12779 1 1 -0.55731 -1 -0.55731 1 -0.042689 -0.55731 -0.55731 -0.55731 -0.13089 -0.13036 0.76646 0.76646 0.76646 0.76646 -0.13036 -0.13036 0.92633 -0.44742 -0.12984 0.93866 -0.47539 0.12984 0.93866 -0.47652 -0.47767 0.53881 0.084371 0.93866 -0.18973 -0.056663 -0.58669
0.49172 -0.14138 0.501 -0.14138 0.91102 -0.14138 0.91102 -0.14138 -0.14138 0.52796 0.47157 -0.14138 -0.089492 -0.14138 -0.14138 0.48474 0.69826 -0.14138 0.51013 -0.048101 -0.14633 -0.14633 0.89372 0.47157 -0.14633 0.47157 -0.14633 0.91102 0.91102 1 0.32533 0.91102 -0.046859 -0.14138 0.48175 0.91102 0.91102 -0.14138 -0.083538 0.69826 0.48474 -0.14248 0.91102 0.48775 0.69826 -0.14027 0.91102 -0.14082 0.48775 0.48775 0.69826 0.91102 -0.067826 0.46269 0.49096 0.48775 0.48775 0.48775 0.32533 0.48775 -0.14082 -0.098594 0.91102 0.48624 -0.070495 0.48775 -0.14027 0.91102 0.48775 0.69826 0.84023 0.91102 -0.14027 0.89934 0.91102 0.91102 -0.14027 0.91102 0.91102 -0.48775 -0.91102 -0.48775 0.91102 -0.046859 -0.48775 -0.48775 -0.48775 -0.14814 -0.14757 0.69826 0.69826 0.69826 0.69826 -0.14757 -0.14757 0.84231 -0.37875 -0.147 0.85374 -0.4068 0.147 0.85374 -0.40794 -0.40908 0.49053 0.098078 0.85374 -0.15276 -0.062198 -0.51644
0.66162 -0.045995 0.64936 -0.045995 0.3571 -0.045995 0.3571 -0.045995 -0.045995 -0.019592 0.19312 -0.045995 -0.029114 -0.045995 -0.045995 0.19792 0.46591 -0.045995 0.63774 -0.015649 -0.047605 -0.047605 0.36402 0.19312 -0.047605 0.19312 -0.047605 0.3571 0.3571 0.32533 1 0.3571 -0.015245 -0.045995 0.19683 0.3571 0.3571 -0.045995 -0.027177 0.46591 0.19792 -0.046354 0.3571 0.19902 0.46591 -0.045634 0.3571 -0.045814 0.19902 0.19902 0.46591 0.3571 -0.022066 0.17948 0.19737 0.19902 0.19902 0.19902 -0.012072 0.19902 -0.045814 -0.032075 0.3571 0.19847 -0.022934 0.19902 -0.045634 0.3571 0.19902 0.17902 0.13345 0.3571 -0.045634 0.35269 0.3571 0.3571 -0.045634 0.3571 0.3571 -0.19902 -0.3571 -0.19902 0.3571 -0.015245 -0.19902 -0.19902 -0.19902 -0.056095 -0.055925 0.46591 0.46591 0.46591 0.46591 -0.055925 -0.055925 0.34841 -0.15977 -0.055755 0.34841 -0.16976 0.055755 0.34841 -0.17017 -0.17058 0.63774 0.041576 0.34841 0.048491 -0.020235 -0.20951
0.53975 -0.1288 0.54993 -0.1288 1 -0.1288 1 -0.1288 -0.1288 0.57953 0.54081 -0.1288 -0.081529 -0.1288 -0.1288 0.55423 0.76646 -0.1288 0.55995 -0.043821 -0.13331 -0.13331 0.98101 0.54081 -0.13331 0.54081 -0.13331 1 1 0.91102 0.3571 1 -0.042689 -0.1288 0.55119 1 1 -0.1288 -0.076105 0.76646 0.55423 -0.12981 1 0.55731 0.76646 -0.12779 1 -0.12829 0.55731 0.55731 0.76646 1 -0.06179 0.52993 0.55271 0.55731 0.55731 0.55731 0.3571 0.55731 -0.12829 -0.089821 1 0.55577 -0.064223 0.55731 -0.12779 1 0.55731 0.76646 0.92321 1 -0.12779 0.98762 1 1 -0.12779 1 1 -0.55731 -1 -0.55731 1 -0.042689 -0.55731 -0.55731 -0.55731 -0.13089 -0.13036 0.76646 0.76646 0.76646 0.76646 -0.13036 -0.13036 0.92633 -0.44742 -0.12984 0.93866 -0.47539 0.12984 0.93866 -0.47652 -0.47767 0.53881 0.084371 0.93866 -0.18973 -0.056663 -0.58669
-0.023041 -0.05808 -0.023476 -0.05808 -0.042689 -0.05808 -0.042689 -0.05808 -0.05808 -0.02474 -0.078937 -0.05808 -0.036764 -0.05808 -0.05808 -0.077025 -0.03272 -0.05808 -0.023904 -0.01976 -0.060114 -0.060114 -0.041879 -0.078937 -0.060114 -0.078937 -0.060114 -0.042689 -0.042689 -0.046859 -0.015245 -0.042689 1 -0.05808 -0.07745 -0.042689 -0.042689 -0.05808 -0.034318 -0.03272 -0.077025 -0.058534 -0.042689 -0.076599 -0.03272 -0.057624 -0.042689 -0.057852 -0.076599 -0.076599 -0.03272 -0.042689 -0.027864 -0.075748 -0.077237 -0.076599 -0.076599 -0.076599 -0.015245 -0.076599 -0.057852 -0.040503 -0.042689 -0.076812 -0.02896 -0.076599 -0.057624 -0.042689 -0.076599 -0.03272 -0.041606 -0.042689 -0.057624 -0.043224 -0.042689 -0.042689 -0.057624 -0.042689 -0.042689 0.076599 0.042689 0.076599 -0.042689 1 0.076599 0.076599 0.076599 -0.070835 -0.07062 -0.03272 -0.03272 -0.03272 -0.03272 -0.07062 -0.07062 -0.043755 -0.20176 -0.070406 -0.043755 0.089799 0.070406 -0.043755 0.089585 0.089371 -0.023904 0.0525 -0.043755 0.061233 -0.025552 0.072763
-0.069518 0.99217 -0.07083 0.99217 -0.1288 0.99217 -0.1288 0.99217 0.99217 -0.074643 0.72929 0.99217 -0.11092 0.92165 0.92165 0.68828 -0.098719 0.92165 -0.072121 0.34023 0.95852 0.95852 -0.12635 0.72929 0.95852 0.72929 0.95852 -0.1288 -0.1288 -0.14138 -0.045995 -0.1288 -0.05808 1 0.74991 -0.1288 -0.1288 0.99217 0.57891 -0.098719 0.74747 0.98445 -0.1288 0.73845 -0.098719 0.98427 -0.1288 0.98037 0.73845 0.73845 -0.098719 -0.1288 -0.084067 0.74684 0.73227 0.73845 0.73845 0.73845 -0.045995 0.73845 0.98822 0.69737 -0.1288 0.74296 -0.087377 0.73845 0.98427 -0.1288 0.73845 -0.098719 -0.12553 -0.1288 0.98427 -0.11076 -0.1288 -0.1288 0.98427 -0.1288 -0.1288 -0.73845 0.1288 -0.73845 -0.1288 -0.05808 -0.73845 -0.73845 -0.73845 0.80615 0.79481 -0.098719 -0.098719 -0.098719 -0.098719 0.79481 0.79481 -0.13201 -0.57883 0.79727 -0.13201 -0.6223 -0.79727 -0.13201 -0.6177 -0.61923 -0.072121 -0.86177 -0.13201 -0.72942 -0.077092 -0.60145
0.2975 0.74991 0.30312 0.74991 0.55119 0.74991 0.55119 0.74991 0.74991 0.31943 0.97029 0.74991 -0.14791 0.69089 0.69089 0.94498 0.42246 0.69089 0.30864 0.25514 0.71854 0.71854 0.54072 0.97029 0.71854 0.97029 0.71854 0.55119 0.55119 0.48175 0.19683 0.55119 -0.07745 0.74991 1 0.55119 0.55119 0.74991 0.44311 0.42246 0.99451 0.74273 0.55119 0.98902 0.42246 0.74402 0.55119 0.74039 0.98902 0.98902 0.42246 0.55119 -0.1121 0.97803 0.98077 0.98902 0.98902 0.98902 0.19683 0.98902 0.74697 0.52296 0.55119 0.99177 -0.11652 0.98902 0.74402 0.55119 0.98902 0.42246 0.50324 0.55119 0.74402 0.5581 0.55119 0.55119 0.74402 0.55119 0.55119 -0.98902 -0.55119 -0.98902 0.55119 -0.07745 -0.98902 -0.98902 -0.98902 0.59163 0.5825 0.42246 0.42246 0.42246 0.42246 0.5825 0.5825 0.49981 -0.78171 0.58493 0.50795 -0.83687 -0.58493 0.50795 -0.83379 -0.83583 0.29468 -0.67081 0.50795 -0.74003 -0.1028 -0.89406
0.53975 -0.1288 0.54993 -0.1288 1 -0.1288 1 -0.1288 -0.1288 0.57953 0.54081 -0.1288 -0.081529 -0.1288 -0.1288 0.55423 0.76646 -0.1288 0.55995 -0.043821 -0.13331 -0.13331 0.98101 0.54081 -0.13331 0.54081 -0.13331 1 1 0.91102 0.3571 1 -0.042689 -0.1288 0.55119 1 1 -0.1288 -0.076105 0.76646 0.55423 -0.12981 1 0.55731 0.76646 -0.12779 1 -0.12829 0.55731 0.55731 0.76646 1 -0.06179 0.52993 0.55271 0.55731 0.55731 0.55731 0.3571 0.55731 -0.12829 -0.089821 1 0.55577 -0.064223 0.55731 -0.12779 1 0.55731 0.76646 0.92321 1 -0.12779 0.98762 1 1 -0.12779 1 1 -0.55731 -1 -0.55731 1 -0.042689 -0.55731 -0.55731 -0.55731 -0.13089 -0.13036 0.76646 0.76646 0.76646 0.76646 -0.13036 -0.13036 0.92633 -0.44742 -0.12984 0.93866 -0.47539 0.12984 0.93866 -0.47652 -0.47767 0.53881 0.084371 0.93866 -0.18973 -0.056663 -0.58669
0.53975 -0.1288 0.54993 -0.1288 1 -0.1288 1 -0.1288 -0.1288 0.57953 0.54081 -0.1288 -0.081529 -0.1288 -0.1288 0.55423 0.76646 -0.1288 0.55995 -0.043821 -0.13331 -0.13331 0.98101 0.54081 -0.13331 0.54081 -0.13331 1 1 0.91102 0.3571 1 -0.042689 -0.1288 0.55119 1 1 -0.1288 -0.076105 0.76646 0.55423 -0.12981 1 0.55731 0.76646 -0.12779 1 -0.12829 0.55731 0.55731 0.76646 1 -0.06179 0.52993 0.55271 0.55731 0.55731 0.55731 0.3571 0.55731 -0.12829 -0.089821 1 0.55577 -0.064223 0.55731 -0.12779 1 0.55731 0.76646 0.92321 1 -0.12779 0.98762 1 1 -0.12779 1 1 -0.55731 -1 -0.55731 1 -0.042689 -0.55731 -0.55731 -0.55731 -0.13089 -0.13036 0.76646 0.76646 0.76646 0.76646 -0.13036 -0.13036 0.92633 -0.44742 -0.12984 0.93866 -0.47539 0.12984 0.93866 -0.47652 -0.47767 0.53881 0.084371 0.93866 -0.18973 -0.056663 -0.58669
-0.069518 1 -0.07083 1 -0.1288 1 -0.1288 1 1 -0.074643 0.73578 1 -0.11092 0.92949 0.92949 0.69486 -0.098719 0.92949 -0.072121 0.34023 0.96617 0.96617 -0.12635 0.73578 0.96617 0.73578 0.96617 -0.1288 -0.1288 -0.14138 -0.045995 -0.1288 -0.05808 0.99217 0.74991 -0.1288 -0.1288 1 0.59088 -0.098719 0.75405 0.99224 -0.1288 0.74504 -0.098719 0.99215 -0.1288 0.98822 0.74504 0.74504 -0.098719 -0.1288 -0.084067 0.75348 0.73884 0.74504 0.74504 0.74504 -0.045995 0.74504 0.99608 0.69737 -0.1288 0.74955 -0.087377 0.74504 0.99215 -0.1288 0.74504 -0.098719 -0.12553 -0.1288 0.99215 -0.11076 -0.1288 -0.1288 0.99215 -0.1288 -0.1288 -0.74504 0.1288 -0.74504 -0.1288 -0.05808 -0.74504 -0.74504 -0.74504 0.80615 0.79481 -0.098719 -0.098719 -0.098719 -0.098719 0.79481 0.79481 -0.13201 -0.57883 0.79727 -0.13201 -0.6223 -0.79727 -0.13201 -0.6177 -0.61923 -0.072121 -0.87021 -0.13201 -0.73697 -0.077092 -0.60823
-0.041077 0.59088 -0.041852 0.59088 -0.076105 0.59088 -0.076105 0.59088 0.59088 -0.044105 0.43476 0.59088 -0.065542 0.59088 0.59088 0.44555 -0.058331 0.59088 -0.042615 -0.035228 0.57089 0.57089 -0.074659 0.43476 0.57089 0.43476 0.57089 -0.076105 -0.076105 -0.083538 -0.027177 -0.076105 -0.034318 0.57891 0.44311 -0.076105 -0.076105 0.59088 1 -0.058331 0.44555 0.5863 -0.076105 0.44803 -0.058331 0.59556 -0.076105 0.59321 0.44803 0.44803 -0.058331 -0.076105 -0.049674 0.45306 0.44433 0.44803 0.44803 0.44803 -0.027177 0.44803 0.59321 -0.072208 -0.076105 0.44679 -0.051629 0.43795 0.58352 -0.076105 0.43795 -0.058331 -0.074173 -0.076105 0.58352 -0.077058 -0.076105 -0.076105 0.58352 -0.076105 -0.076105 -0.43795 0.076105 -0.43795 -0.076105 -0.034318 -0.43795 -0.43795 -0.43795 0.47395 0.47541 -0.058331 -0.058331 -0.058331 -0.058331 0.47541 0.47541 -0.078005 -0.34141 0.47687 -0.078005 -0.37282 -0.47687 -0.078005 -0.37372 -0.36527 -0.042615 -0.6408 -0.078005 -0.54891 -0.045552 -0.46128
0.7042 -0.098719 0.71749 -0.098719 0.76646 -0.098719 0.76646 -0.098719 -0.098719 -0.04205 0.41451 -0.098719 -0.062488 -0.098719 -0.098719 0.4248 1 -0.098719 0.73057 -0.033587 -0.10218 -0.10218 0.7813 0.41451 -0.10218 0.41451 -0.10218 0.76646 0.76646 0.69826 0.46591 0.76646 -0.03272 -0.098719 0.42246 0.76646 0.76646 -0.098719 -0.058331 1 0.4248 -0.099491 0.76646 0.42715 1 -0.097944 0.76646 -0.098332 0.42715 0.42715 1 0.76646 -0.04736 0.42137 0.42363 0.42715 0.42715 0.42715 -0.025911 0.42715 -0.098332 -0.068844 0.76646 0.42597 -0.049224 0.42715 -0.097944 0.76646 0.42715 0.84066 0.65704 0.76646 -0.097944 0.75697 0.76646 0.76646 -0.097944 0.76646 0.76646 -0.42715 -0.76646 -0.42715 0.76646 -0.03272 -0.42715 -0.42715 -0.42715 -0.1204 -0.12003 1 1 1 1 -0.12003 -0.12003 0.74779 -0.34293 -0.11967 0.74779 -0.36436 0.11967 0.74779 -0.36524 -0.36611 0.70397 0.089235 0.74779 0.10408 -0.04343 -0.44968
0.29914 0.75405 0.30479 0.75405 0.55423 0.75405 0.55423 0.75405 0.75405 0.32119 0.97578 0.75405 -0.1471 0.69486 0.69486 0.95032 0.4248 0.69486 0.31034 0.25655 0.72266 0.72266 0.5437 0.97578 0.72266 0.97578 0.72266 0.55423 0.55423 0.48474 0.19792 0.55423 -0.077025 0.74747 0.99451 0.55423 0.55423 0.75405 0.44555 0.4248 1 0.74686 0.55423 0.99448 0.4248 0.74813 0.55423 0.7445 0.99448 0.99448 0.4248 0.55423 -0.11149 0.98343 0.98622 0.99448 0.99448 0.99448 0.19792 0.99448 0.75109 0.52585 0.55423 0.99724 -0.11588 0.99448 0.74813 0.55423 0.99448 0.4248 0.50611 0.55423 0.74813 0.56118 0.55423 0.55423 0.74813 0.55423 0.55423 -0.99448 -0.55423 -0.99448 0.55423 -0.077025 -0.99448 -0.99448 -0.99448 0.58996 0.58079 0.4248 0.4248 0.4248 0.4248 0.58079 0.58079 0.50274 -0.78219 0.5832 0.5109 -0.8372 -0.5832 0.5109 -0.83409 -0.83613 0.29634 -0.67453 0.5109 -0.74425 -0.10224 -0.89911
-0.070062 0.99224 -0.071384 0.99224 -0.12981 0.99224 -0.12981 0.99224 0.99224 -0.075227 0.72862 0.99224 -0.11179 0.92211 0.92211 0.688 -0.099491 0.92211 -0.072685 0.33759 0.95851 0.95851 -0.12734 0.72862 0.95851 0.72862 0.95851 -0.12981 -0.12981 -0.14248 -0.046354 -0.12981 -0.058534 0.98445 0.74273 -0.12981 -0.12981 0.99224 0.5863 -0.099491 0.74686 1 -0.12981 0.73792 -0.099491 0.98445 -0.12981 0.98053 0.73792 0.73792 -0.099491 -0.12981 -0.084725 0.74635 0.73173 0.73792 0.73792 0.73792 -0.046354 0.73792 0.98835 0.69196 -0.12981 0.7424 -0.08806 0.73792 0.98445 -0.12981 0.73792 -0.099491 -0.12651 -0.12981 0.98445 -0.11188 -0.12981 -0.12981 0.98445 -0.12981 -0.12981 -0.73792 0.12981 -0.73792 -0.12981 -0.058534 -0.73792 -0.73792 -0.73792 0.79893 0.78767 -0.099491 -0.099491 -0.099491 -0.099491 0.78767 0.78767 -0.12337 -0.57781 0.79012 -0.12337 -0.62141 -0.79012 -0.12337 -0.61685 -0.61838 -0.056097 -0.86337 -0.12337 -0.73051 -0.077695 -0.60876
0.53975 -0.1288 0.54993 -0.1288 1 -0.1288 1 -0.1288 -0.1288 0.57953 0.54081 -0.1288 -0.081529 -0.1288 -0.1288 0.55423 0.76646 -0.1288 0.55995 -0.043821 -0.13331 -0.13331 0.98101 0.54081 -0.13331 0.54081 -0.13331 1 1 0.91102 0.3571 1 -0.042689 -0.1288 0.55119 1 1 -0.1288 -0.076105 0.76646 0.55423 -0.12981 1 0.55731 0.76646 -0.12779 1 -0.12829 0.55731 0.55731 0.76646 1 -0.06179 0.52993 0.55271 0.55731 0.55731 0.55731 0.3571 0.55731 -0.12829 -0.089821 1 0.55577 -0.064223 0.55731 -0.12779 1 0.55731 0.76646 0.92321 1 -0.12779 0.98762 1 1 -0.12779 1 1 -0.55731 -1 -0.55731 1 -0.042689 -0.55731 -0.55731 -0.55731 -0.13089 -0.13036 0.76646 0.76646 0.76646 0.76646 -0.13036 -0.13036 0.92633 -0.44742 -0.12984 0.93866 -0.47539 0.12984 0.93866 -0.47652 -0.47767 0.53881 0.084371 0.93866 -0.18973 -0.056663 -0.58669
0.3008 0.74504 0.30648 0.74504 0.55731 0.74504 0.55731 0.74504 0.74504 0.32298 0.97039 0.74504 -0.14629 0.68568 0.68568 0.94465 0.42715 0.68568 0.31206 0.25797 0.71394 0.71394 0.54672 0.97039 0.71394 0.97039 0.71394 0.55731 0.55731 0.48775 0.19902 0.55731 -0.076599 0.73845 0.98902 0.55731 0.55731 0.74504 0.44803 0.42715 0.99448 0.73792 0.55731 1 0.42715 0.75228 0.55731 0.74865 1 1 0.42715 0.55731 -0.11087 0.98889 0.99174 1 1 1 0.19902 1 0.74865 0.52877 0.55731 0.99723 -0.11524 0.99445 0.74565 0.55731 0.99445 0.42715 0.50901 0.55731 0.74565 0.56429 0.55731 0.55731 0.74565 0.55731 0.55731 -0.99445 -0.55731 -0.99445 0.55731 -0.076599 -0.99445 -0.99445 -0.99445 0.58829 0.57907 0.42715 0.42715 0.42715 0.42715 0.57907 0.57907 0.5057 -0.78269 0.58148 0.51389 -0.83755 -0.58148 0.51389 -0.83443 -0.83646 0.29802 -0.67119 0.51389 -0.74215 -0.10167 -0.89851
