1 -0.076522 0.64478 0.53756 0.53756 -0.4179 0.63966 0.58416 0.6402 0.99049 1 0.64478 0.98565 0.64478 0.41889 0.41512 0.9689 0.10492 0.64733 -0.2153 0.98565 0.98565 -0.41292 0.99521 0.99042 0.9832 0.97608 0.97129 0.63088 0.96152 -0.2153 0.97117 0.96152 0.40011 0.62206 0.96152 0.96152 -0.2165 0.9591 0.95432 0.49684 -0.29269 0.38478 -0.063811 -0.11486 0.017808 -0.1934 -0.080006 0.083501 0.067426 -0.10841 0.013382 0.011962 0.0026409 0.023998 -0.10846 0.088802 0.013382 -0.014746 0.05122 0.013382 0.085507 0.0031382 0.011962 -0.11139 -0.11285 0.19943 0.19737 -0.10993 -0.095217 -0.095217 0.14081 -0.0021896 0.19737 0.0085808 0.0099987 -0.087353 0.1701 0.083104 0.084497 0.14402 0.0099987 -0.032642 0.16447 -0.030813 0.081707 -0.00053856 0.043765 0.092998 0.040161 -0.0035329 0.00036033 -0.0022389 -0.0022389 0.060166 0.081945 0.078143 0.036305 0.094709 0.00035142 0.065651 0.0016478 0.087347 0.059185 -0.061231 0.054309 0.06103 0.17284 0.0016478 0.011625 0.0016478 0.044717 -0.091327 0.044717 0.042111 -0.086016 -0.038271 -0.022645 -0.16132 0.012829 0.012829 0.0097122 0.015454 -0.073701 -0.063635 -0.082491 0.06103 0.06103 -0.065651 0.030245 0.03408 0.10024 -0.10594 -0.045048 -0.069311 -0.041699 -0.041961 -0.19732 -0.19983 -0.18617 -0.195 -0.10799 0.1927 -0.19802 -0.19802 -0.086881 -0.1453 0.023004 0.17259 -0.086881 -0.057315 0.0030904 -0.11055 0.0056981 -0.10799 -0.066404 0.19904 -0.11264 0.0056981 -0.19449 0.14095 -0.1821 -0.11182 0.14548 -0.070979 -0.20115 0.068572 0.15947 -0.18839 0.055961 -0.19962 -0.18992 -0.18992
-0.076522 1 -0.04934 -0.14235 -0.14235 -0.077073 -0.048948 -0.13099 -0.049924 -0.077256 -0.076522 -0.04934 -0.076889 -0.04934 -0.18268 -0.18224 -0.074142 0.01935 -0.049535 -0.042259 -0.076889 -0.076889 -0.076155 -0.076155 -0.075788 -0.076338 -0.076889 -0.074325 -0.048752 -0.075788 -0.042259 -0.075056 -0.075788 -0.18053 -0.048555 -0.075788 -0.075788 -0.04247 -0.075605 -0.075971 -0.04934 0.19564 -0.063581 0.096116 0.086964 0.18181 0.061752 -0.051279 0.065769 -0.11258 -0.05262 0.18487 0.18443 0.18757 0.18224 -0.051855 0.018965 0.18487 -0.04372 -0.11236 0.18487 0.064676 -0.041837 0.18443 -0.052238 -0.052429 -0.056579 -0.056766 -0.052047 -0.053191 -0.053191 -0.079469 0.18757 -0.056766 0.18487 0.18532 -0.070315 -0.055644 0.06504 0.065222 -0.079654 0.18532 -0.044952 0.12636 -0.044748 0.064858 -0.031223 0.12167 -0.025707 0.12264 0.13777 -0.022218 0.13805 0.13805 -0.072318 0.06285 0.075056 -0.034202 -0.075788 0.13862 -0.062302 0.1389 0.074325 0.089645 -0.014616 -0.061202 -0.060467 -0.044338 0.1389 -0.047169 0.1389 -0.034918 -0.074873 -0.034918 -0.035154 -0.074142 0.081137 0.065404 -0.041412 0.13749 0.13749 0.13777 -0.04677 -0.013593 -0.01935 -0.074325 -0.060467 -0.060467 0.062302 -0.03323 -0.028843 -0.036559 0.038588 -0.12611 -0.018172 -0.12461 -0.12636 0.04657 0.046369 0.044338 0.083752 -0.082629 -0.043305 0.083377 0.083377 0.1648 -0.028569 -0.03468 -0.026005 0.1648 0.060283 -0.031733 -0.083003 -0.031479 -0.082629 0.16158 -0.07873 -0.082629 -0.031479 0.045764 -0.023214 0.044133 -0.08319 -0.027735 0.16158 0.083565 -0.045359 -0.024174 0.081696 -0.058067 0.045359 0.081509 0.081509
0.64478 -0.04934 1 0.34661 0.34661 -0.26945 -0.17113 0.37666 0.98828 0.63865 0.64478 1 0.6417 1 0.27009 0.27074 0.59675 0.067649 0.99606 -0.14774 0.6417 0.6417 -0.26624 0.64789 0.64483 0.64016 0.63555 0.61391 -0.17044 0.6077 -0.14774 0.61387 0.6077 0.24887 0.96006 0.6077 0.6077 -0.14848 0.60303 0.59999 -0.11704 -0.19526 0.58714 -0.29525 -0.33184 -0.14881 -0.36698 -0.055874 0.018011 0.1516 -0.062707 -0.14965 -0.1504 -0.14508 -0.12965 -0.066481 0.066301 -0.14965 -0.10956 0.15244 -0.14965 0.039005 -0.10148 -0.14424 -0.068391 -0.06934 0.35158 0.34979 -0.067438 -0.043005 -0.043005 0.21403 -0.13888 0.34979 -0.14348 -0.14271 -0.098578 0.31686 0.040847 0.041764 0.21294 -0.14271 -0.11477 0.14936 -0.11391 0.039927 0.016407 -0.1136 0.16806 -0.11593 -0.17654 0.031028 -0.17576 -0.17576 0.18313 0.050006 0.038672 0.11265 0.23016 -0.16852 0.17791 -0.16774 0.041405 -0.019273 -0.027942 0.18582 0.19122 0.30757 -0.16774 -0.05036 -0.16774 0.10611 -0.044018 0.10611 0.104 -0.04053 -0.19837 -0.15659 -0.12672 -0.17165 -0.17165 -0.17087 -0.048251 -0.047521 -0.014592 -0.041405 0.19122 0.19122 -0.17791 0.067721 0.082757 0.23799 -0.2247 -0.041682 -0.025979 -0.031077 -0.025645 0.047188 0.046119 0.043649 0.030612 -0.049415 -0.046744 0.028902 0.028902 0.079223 -0.09988 0.076965 0.28524 0.079223 -0.0048251 -0.054665 -0.051097 -0.053381 -0.049415 0.088598 -0.019288 -0.061388 -0.053381 0.042876 -0.036429 0.042538 -0.057909 0.25793 0.082718 -0.0060227 0.05195 0.26017 0.01514 0.010379 0.032262 0.014267 0.014267
0.53756 -0.14235 0.34661 1 1 0.54143 0.34385 0.89179 0.3394 0.54272 0.53756 0.34661 0.54014 0.34661 0.77483 0.77227 0.52084 0.19518 0.34798 -0.41345 0.54014 0.54014 0.53498 0.53498 0.5324 0.52294 0.53128 0.52212 0.33672 0.52349 -0.41345 0.51831 0.52349 0.76213 0.32956 0.52349 0.52349 -0.41562 0.52219 0.51588 0.24392 -0.56818 0.16494 -0.22478 -0.25903 -0.20488 -0.088162 0.20473 0.00054038 0.18785 0.19503 -0.19684 -0.19926 -0.20459 -0.1848 0.19894 0.17831 -0.19239 -0.073163 0.17407 -0.19239 0.0027742 -0.041473 -0.19482 0.19148 0.19326 0.11118 0.10789 0.1897 0.19488 0.19488 0.033567 -0.20906 0.10789 -0.19684 -0.19886 0.13899 0.11209 -0.0011731 -0.0031377 0.035331 -0.19886 -0.07492 -0.11024 -0.077691 0.00079755 0.12892 -0.19172 0.053511 -0.19032 -0.23649 0.13372 -0.23824 -0.23824 0.18046 -0.001555 -0.079762 0.14146 0.19371 -0.23356 0.10359 -0.23122 -0.068228 -0.15065 0.10267 0.092433 0.099875 0.083247 -0.23122 -0.039806 -0.23122 0.1482 0.064568 0.1482 0.15041 0.066454 -0.15347 -0.076838 0.011367 -0.22249 -0.22249 -0.22423 -0.044921 -0.1371 0.1232 0.072722 0.10487 0.10487 -0.10851 0.17891 0.14093 0.14671 -0.15779 0.068081 0.087096 0.070209 0.057604 -0.059539 -0.063245 -0.052406 -0.12065 -0.018725 0.046743 -0.1259 -0.1259 -0.10128 -0.21706 0.12344 0.076272 -0.10128 -0.092991 -0.06884 -0.02377 -0.064512 -0.018725 -0.076553 0.10108 -0.027347 -0.064512 -0.056442 0.055717 -0.050049 -0.026287 0.10357 -0.080787 -0.11469 0.14886 0.11811 -0.11514 0.080125 -0.063965 -0.11345 -0.11345
0.53756 -0.14235 0.34661 1 1 0.54143 0.34385 0.89179 0.3394 0.54272 0.53756 0.34661 0.54014 0.34661 0.77483 0.77227 0.52084 0.19518 0.34798 -0.41345 0.54014 0.54014 0.53498 0.53498 0.5324 0.52294 0.53128 0.52212 0.33672 0.52349 -0.41345 0.51831 0.52349 0.76213 0.32956 0.52349 0.52349 -0.41562 0.52219 0.51588 0.24392 -0.56818 0.16494 -0.22478 -0.25903 -0.20488 -0.088162 0.20473 0.00054038 0.18785 0.19503 -0.19684 -0.19926 -0.20459 -0.1848 0.19894 0.17831 -0.19239 -0.073163 0.17407 -0.19239 0.0027742 -0.041473 -0.19482 0.19148 0.19326 0.11118 0.10789 0.1897 0.19488 0.19488 0.033567 -0.20906 0.10789 -0.19684 -0.19886 0.13899 0.11209 -0.0011731 -0.0031377 0.035331 -0.19886 -0.07492 -0.11024 -0.077691 0.00079755 0.12892 -0.19172 0.053511 -0.19032 -0.23649 0.13372 -0.23824 -0.23824 0.18046 -0.001555 -0.079762 0.14146 0.19371 -0.23356 0.10359 -0.23122 -0.068228 -0.15065 0.10267 0.092433 0.099875 0.083247 -0.23122 -0.039806 -0.23122 0.1482 0.064568 0.1482 0.15041 0.066454 -0.15347 -0.076838 0.011367 -0.22249 -0.22249 -0.22423 -0.044921 -0.1371 0.1232 0.072722 0.10487 0.10487 -0.10851 0.17891 0.14093 0.14671 -0.15779 0.068081 0.087096 0.070209 0.057604 -0.059539 -0.063245 -0.052406 -0.12065 -0.018725 0.046743 -0.1259 -0.1259 -0.10128 -0.21706 0.12344 0.076272 -0.10128 -0.092991 -0.06884 -0.02377 -0.064512 -0.018725 -0.076553 0.10108 -0.027347 -0.064512 -0.056442 0.055717 -0.050049 -0.026287 0.10357 -0.080787 -0.11469 0.14886 0.11811 -0.11514 0.080125 -0.063965 -0.11345 -0.11345
-0.4179 -0.077073 -0.26945 0.54143 0.54143 1 -0.26731 0.37837 -0.27264 -0.40285 -0.4179 -0.26945 -0.40081 -0.26945 0.41714 0.41815 -0.4049 0.10567 -0.27052 -0.23078 -0.40081 -0.40081 0.98809 -0.41589 -0.41389 -0.41689 -0.40081 -0.4059 -0.26624 -0.39468 -0.23078 -0.40989 -0.39468 0.42219 -0.26517 -0.39468 -0.39468 -0.23193 -0.39366 -0.3957 -0.23257 -0.32033 -0.20594 -0.17855 -0.16456 -0.23849 0.097842 0.30035 -0.082674 0.13517 0.31821 -0.22542 -0.22661 -0.22305 -0.22304 0.32248 0.10357 -0.22063 -0.064124 0.13647 -0.22063 -0.082266 -0.047812 -0.22183 0.31737 0.32074 -0.079059 -0.080553 0.31399 0.3049 0.3049 -0.10423 -0.22305 -0.080553 -0.22063 -0.22422 0.23685 -0.048835 -0.084123 -0.087629 -0.10553 -0.22422 -0.048172 -0.28276 -0.052982 -0.080608 0.13944 -0.2502 -0.035071 -0.24509 -0.25127 0.14371 -0.25444 -0.25444 0.13444 -0.08338 -0.16385 0.11621 0.11427 -0.25199 0.046154 -0.25076 -0.1606 -0.22132 0.17167 0.045438 0.046755 -0.082642 -0.25076 -0.054477 -0.25076 0.11509 0.16062 0.11509 0.12007 0.15736 -0.12719 -0.060207 0.17309 -0.2525 -0.2525 -0.25127 -0.063807 -0.074232 0.19618 0.1606 0.052141 0.052141 -0.051447 0.1626 0.11785 0.058122 -0.064373 0.11827 0.16295 0.11722 0.1039 0.13259 0.13111 0.12916 0.064436 0.087494 -0.14177 0.061791 0.061791 -0.022491 -0.088986 0.11005 -0.089904 -0.022491 -0.043042 -0.077249 0.08461 -0.075186 0.087494 -0.01627 -0.089548 0.08285 -0.075186 0.1331 -0.080507 0.12764 0.083172 -0.033468 -0.01627 0.076993 0.092009 -0.031742 0.063789 0.030531 0.13012 0.067126 0.067126
0.63966 -0.048948 -0.17113 0.34385 0.34385 -0.26731 1 0.37367 -0.17315 0.63358 0.63966 -0.17113 0.62423 -0.17113 0.26795 0.26242 0.64763 0.067112 -0.16386 -0.12869 0.62423 0.62423 -0.26413 0.63032 0.62718 0.62258 0.61805 0.63347 0.97992 0.62718 -0.12869 0.63341 0.62718 0.265 -0.1684 0.62718 0.62718 -0.12949 0.62873 0.62564 0.76102 -0.18021 -0.098419 0.21794 0.18912 0.17451 0.12453 -0.045997 0.088248 -0.068289 -0.075804 0.1696 0.16853 0.15111 0.16324 -0.07209 0.047647 0.1696 0.092158 -0.090088 0.1696 0.069753 0.1071 0.16233 -0.073955 -0.074881 -0.10173 -0.10257 -0.073024 -0.078553 -0.078553 -0.037465 0.13862 -0.10257 0.15719 0.15825 -0.012096 -0.10483 0.064786 0.06566 -0.032216 0.15825 0.074293 0.059372 0.075789 0.063911 -0.016455 0.17356 -0.048204 0.17123 0.17541 -0.03021 0.17629 0.17629 -0.11104 0.05413 0.060324 -0.065547 -0.11348 0.17235 -0.099441 0.17323 0.06949 0.093748 -0.050692 -0.12215 -0.11897 -0.093477 0.17323 0.06679 0.17323 -0.04809 -0.071992 -0.04809 -0.049323 -0.068653 0.15416 0.13333 -0.080073 0.19164 0.19164 0.18682 0.069609 -0.047144 -0.067112 -0.06949 -0.11897 -0.11897 0.099441 -0.028224 -0.038493 -0.10841 0.087625 -0.018964 -0.063025 -0.025332 -0.031097 -0.30359 -0.30576 -0.28557 -0.28481 -0.093932 0.2971 -0.28698 -0.28698 -0.18993 -0.086674 -0.046845 -0.063172 -0.18993 -0.070658 0.059722 -0.09553 0.061795 -0.093932 -0.17285 0.27852 -0.087911 0.061795 -0.29557 0.21936 -0.27918 -0.090321 -0.070702 -0.17285 -0.25591 0.037461 -0.054958 -0.26066 0.063269 -0.29152 -0.26175 -0.26175
0.58416 -0.13099 0.37666 0.89179 0.89179 0.37837 0.37367 1 0.36994 0.58977 0.58416 0.37666 0.58697 0.37666 0.71271 0.71005 0.566 0.1796 0.37815 -0.33531 0.58697 0.58697 0.37032 0.58136 0.57856 0.56959 0.57821 0.56739 0.36648 0.56975 -0.34163 0.56413 0.56975 0.69517 0.35926 0.56975 0.56975 -0.34378 0.56835 0.56236 0.28643 -0.52546 0.19249 -0.12506 -0.19029 -0.13594 -0.095558 0.12794 0.035332 0.1633 0.12118 -0.13757 -0.13984 -0.14596 -0.12494 0.12345 0.16319 -0.13317 -0.048348 0.14951 -0.13317 0.039018 -0.024907 -0.13545 0.11688 0.11904 0.11804 0.11498 0.12016 0.1222 0.1222 0.066357 -0.15038 0.11498 -0.13757 -0.13969 0.09929 0.11276 0.034619 0.032431 0.068248 -0.13969 -0.037038 -0.051996 -0.039897 0.036815 0.02709 -0.11356 0.041632 -0.1128 -0.15508 0.014856 -0.15695 -0.15695 0.12031 0.027622 0.010967 0.12585 0.19088 -0.15666 0.12593 -0.15449 0.023476 -0.052853 0.11158 0.11394 0.11077 0.094569 -0.15449 -0.012656 -0.15449 0.12628 -0.030691 0.12628 0.12888 -0.025508 -0.12616 -0.050129 -0.037334 -0.14514 -0.14514 -0.14701 -0.018024 -0.12616 0.10995 -0.019033 0.11571 0.11571 -0.13079 0.16127 0.14177 0.14456 -0.15734 0.018165 0.085263 0.023322 0.011968 -0.10272 -0.10628 -0.088472 -0.15581 -0.072342 0.082272 -0.15646 -0.15646 -0.083192 -0.20367 0.056823 0.093328 -0.083192 -0.098837 -0.054187 -0.072643 -0.05014 -0.072342 -0.061502 0.12817 -0.080864 -0.05014 -0.099257 0.071084 -0.086022 -0.079171 0.12151 -0.065688 -0.15401 0.15445 0.13343 -0.14875 0.093925 -0.1005 -0.15122 -0.15122
0.6402 -0.049924 0.98828 0.3394 0.3394 -0.27264 -0.17315 0.36994 1 0.63404 0.6402 0.98828 0.6371 0.98828 0.26112 0.26178 0.59281 0.068451 0.98436 -0.14949 0.6371 0.6371 -0.2694 0.64331 0.64032 0.63563 0.631 0.60981 -0.16454 0.60349 -0.14949 0.60969 0.60349 0.24019 0.95668 0.60349 0.60349 -0.15024 0.59889 0.59583 -0.11954 -0.18617 0.58452 -0.29175 -0.32883 -0.14088 -0.36642 -0.059017 0.022485 0.14801 -0.065888 -0.14154 -0.14232 -0.13686 -0.12185 -0.069577 0.067087 -0.14154 -0.11173 0.14886 -0.14154 0.043228 -0.10358 -0.1362 -0.071498 -0.072453 0.35187 0.35007 -0.070539 -0.046388 -0.046388 0.2127 -0.1307 0.35007 -0.13542 -0.13464 -0.10271 0.31758 0.045081 0.046003 0.21161 -0.13464 -0.11698 0.157 -0.11611 0.044156 0.014078 -0.10968 0.16487 -0.11193 -0.17103 0.02921 -0.17024 -0.17024 0.1828 0.054011 0.043628 0.10931 0.22908 -0.16302 0.17883 -0.16223 0.046287 -0.012814 -0.028739 0.18682 0.19228 0.31041 -0.16223 -0.05326 -0.16223 0.10279 -0.048918 0.10279 0.10067 -0.045407 -0.19701 -0.15728 -0.12859 -0.1662 -0.1662 -0.1654 -0.05114 0.0012003 -0.015831 -0.040097 0.19228 0.19228 -0.17883 0.064827 0.080048 0.239 -0.22558 -0.044626 -0.027042 -0.034006 -0.028738 0.050072 0.048998 0.046405 0.036246 -0.048878 -0.049402 0.034524 0.034524 0.084285 -0.07658 0.073893 0.28106 0.084285 -0.00054845 -0.056444 -0.050581 -0.055153 -0.048878 0.093391 -0.024662 -0.060752 -0.055153 0.045739 -0.03776 0.045289 -0.057354 0.25386 0.08756 -9.9942e-05 0.048334 0.25632 0.020757 0.0062127 0.035183 0.019878 0.019878
0.99049 -0.077256 0.63865 0.54272 0.54272 -0.40285 0.63358 0.58977 0.63404 1 0.99049 0.63865 0.99524 0.63865 0.42291 0.41917 0.95969 0.10593 0.64118 -0.21756 0.99524 0.99524 -0.41688 0.98574 0.981 0.97377 0.98571 0.96205 0.62485 0.9714 -0.21756 0.96188 0.9714 0.40427 0.61607 0.9714 0.9714 -0.21876 0.96902 0.9642 0.5097 -0.29193 0.38908 -0.065419 -0.11717 0.012054 -0.19875 -0.083449 0.077726 0.071986 -0.10597 0.0077392 0.0063115 -0.0028793 0.022987 -0.11183 0.089844 0.012522 -0.01789 0.055862 0.012522 0.089909 6.2105e-05 0.011089 -0.11478 -0.11625 0.21132 0.20922 -0.11331 -0.09874 -0.09874 0.14856 -0.007691 0.20922 0.0029569 0.0043826 -0.092161 0.18234 0.082379 0.083787 0.15173 0.0043826 -0.035807 0.16872 -0.03397 0.086138 -0.002823 0.043802 0.090752 0.035929 -0.011021 -0.0012682 -0.0097166 -0.0097166 0.069326 0.086228 0.083334 0.033659 0.10318 -0.0071059 0.081984 -0.0057995 0.092449 0.060996 -0.062062 0.065642 0.072504 0.1822 -0.0057995 0.0081253 -0.0057995 0.041985 -0.096454 0.041985 0.039372 -0.09111 -0.050859 -0.033211 -0.15672 0.0052618 0.0052618 0.0021727 0.011969 -0.074409 -0.064803 -0.082775 0.072504 0.072504 -0.081984 0.027694 0.031835 0.10662 -0.11199 -0.04975 -0.070372 -0.046307 -0.051051 -0.20594 -0.2085 -0.18884 -0.19734 -0.11362 0.18878 -0.20039 -0.20039 -0.083643 -0.14683 0.020374 0.17001 -0.083643 -0.058066 0.0007544 -0.11619 0.0033706 -0.11362 -0.063426 0.1925 -0.11826 0.0033706 -0.19686 0.1387 -0.18482 -0.11748 0.14288 -0.067984 -0.19887 0.064983 0.15707 -0.18633 0.05149 -0.20205 -0.18787 -0.18787
1 -0.076522 0.64478 0.53756 0.53756 -0.4179 0.63966 0.58416 0.6402 0.99049 1 0.64478 0.98565 0.64478 0.41889 0.41512 0.9689 0.10492 0.64733 -0.2153 0.98565 0.98565 -0.41292 0.99521 0.99042 0.9832 0.97608 0.97129 0.63088 0.96152 -0.2153 0.97117 0.96152 0.40011 0.62206 0.96152 0.96152 -0.2165 0.9591 0.95432 0.49684 -0.29269 0.38478 -0.063811 -0.11486 0.017808 -0.1934 -0.080006 0.083501 0.067426 -0.10841 0.013382 0.011962 0.0026409 0.023998 -0.10846 0.088802 0.013382 -0.014746 0.05122 0.013382 0.085507 0.0031382 0.011962 -0.11139 -0.11285 0.19943 0.19737 -0.10993 -0.095217 -0.095217 0.14081 -0.0021896 0.19737 0.0085808 0.0099987 -0.087353 0.1701 0.083104 0.084497 0.14402 0.0099987 -0.032642 0.16447 -0.030813 0.081707 -0.00053856 0.043765 0.092998 0.040161 -0.0035329 0.00036033 -0.0022389 -0.0022389 0.060166 0.081945 0.078143 0.036305 0.094709 0.00035142 0.065651 0.0016478 0.087347 0.059185 -0.061231 0.054309 0.06103 0.17284 0.0016478 0.011625 0.0016478 0.044717 -0.091327 0.044717 0.042111 -0.086016 -0.038271 -0.022645 -0.16132 0.012829 0.012829 0.0097122 0.015454 -0.073701 -0.063635 -0.082491 0.06103 0.06103 -0.065651 0.030245 0.03408 0.10024 -0.10594 -0.045048 -0.069311 -0.041699 -0.041961 -0.19732 -0.19983 -0.18617 -0.195 -0.10799 0.1927 -0.19802 -0.19802 -0.086881 -0.1453 0.023004 0.17259 -0.086881 -0.057315 0.0030904 -0.11055 0.0056981 -0.10799 -0.066404 0.19904 -0.11264 0.0056981 -0.19449 0.14095 -0.1821 -0.11182 0.14548 -0.070979 -0.20115 0.068572 0.15947 -0.18839 0.055961 -0.19962 -0.18992 -0.18992
0.64478 -0.04934 1 0.34661 0.34661 -0.26945 -0.17113 0.37666 0.98828 0.63865 0.64478 1 0.6417 1 0.27009 0.27074 0.59675 0.067649 0.99606 -0.14774 0.6417 0.6417 -0.26624 0.64789 0.64483 0.64016 0.63555 0.61391 -0.17044 0.6077 -0.14774 0.61387 0.6077 0.24887 0.96006 0.6077 0.6077 -0.14848 0.60303 0.59999 -0.11704 -0.19526 0.58714 -0.29525 -0.33184 -0.14881 -0.36698 -0.055874 0.018011 0.1516 -0.062707 -0.14965 -0.1504 -0.14508 -0.12965 -0.066481 0.066301 -0.14965 -0.10956 0.15244 -0.14965 0.039005 -0.10148 -0.14424 -0.068391 -0.06934 0.35158 0.34979 -0.067438 -0.043005 -0.043005 0.21403 -0.13888 0.34979 -0.14348 -0.14271 -0.098578 0.31686 0.040847 0.041764 0.21294 -0.14271 -0.11477 0.14936 -0.11391 0.039927 0.016407 -0.1136 0.16806 -0.11593 -0.17654 0.031028 -0.17576 -0.17576 0.18313 0.050006 0.038672 0.11265 0.23016 -0.16852 0.17791 -0.16774 0.041405 -0.019273 -0.027942 0.18582 0.19122 0.30757 -0.16774 -0.05036 -0.16774 0.10611 -0.044018 0.10611 0.104 -0.04053 -0.19837 -0.15659 -0.12672 -0.17165 -0.17165 -0.17087 -0.048251 -0.047521 -0.014592 -0.041405 0.19122 0.19122 -0.17791 0.067721 0.082757 0.23799 -0.2247 -0.041682 -0.025979 -0.031077 -0.025645 0.047188 0.046119 0.043649 0.030612 -0.049415 -0.046744 0.028902 0.028902 0.079223 -0.09988 0.076965 0.28524 0.079223 -0.0048251 -0.054665 -0.051097 -0.053381 -0.049415 0.088598 -0.019288 -0.061388 -0.053381 0.042876 -0.036429 0.042538 -0.057909 0.25793 0.082718 -0.0060227 0.05195 0.26017 0.01514 0.010379 0.032262 0.014267 0.014267
0.98565 -0.076889 0.6417 0.54014 0.54014 -0.40081 0.62423 0.58697 0.6371 0.99524 0.98565 0.6417 1 0.6417 0.4209 0.41714 0.96427 0.10542 0.64424 -0.23023 1 1 -0.4149 0.99045 0.98569 0.97846 0.99045 0.96665 0.62785 0.97607 -0.23023 0.96651 0.97607 0.40219 0.61905 0.97607 0.97607 -0.23138 0.97368 0.96886 0.51251 -0.28985 0.39217 -0.069073 -0.12059 0.014925 -0.2014 -0.08173 0.075464 0.067527 -0.10424 0.010555 0.0091312 -0.0001246 0.025873 -0.11015 0.089323 0.015347 -0.029767 0.051363 0.015347 0.087711 -0.012314 0.013918 -0.11309 -0.11455 0.2138 0.21171 -0.11162 -0.096981 -0.096981 0.14233 -0.0049456 0.21171 0.0057633 0.0071851 -0.094733 0.18474 0.080153 0.081557 0.14553 0.0071851 -0.047395 0.17315 -0.045607 0.083926 -0.001683 0.039423 0.091872 0.0315 -0.016097 -0.00045552 -0.0148 -0.0148 0.072114 0.08409 0.080743 0.034979 0.10616 -0.012205 0.084429 -0.010907 0.089902 0.057825 -0.061647 0.068015 0.074863 0.18418 -0.010907 -0.0028358 -0.010907 0.043348 -0.093895 0.043348 0.040738 -0.088567 -0.053935 -0.035675 -0.15551 0.0002277 0.0002277 -0.0028777 0.00092149 -0.074055 -0.064219 -0.080209 0.074863 0.074863 -0.084429 0.028967 0.032955 0.10896 -0.1144 -0.053952 -0.069842 -0.050552 -0.055248 -0.20805 -0.21061 -0.19083 -0.19155 -0.11081 0.19073 -0.19457 -0.19457 -0.080664 -0.14606 0.021686 0.17129 -0.080664 -0.04959 0.0019201 -0.11337 0.004532 -0.11081 -0.060345 0.18629 -0.11545 0.004532 -0.19892 0.13982 -0.1868 -0.11465 0.14418 -0.064911 -0.19306 0.053694 0.15827 -0.18036 0.042673 -0.2041 -0.18188 -0.18188
0.64478 -0.04934 1 0.34661 0.34661 -0.26945 -0.17113 0.37666 0.98828 0.63865 0.64478 1 0.6417 1 0.27009 0.27074 0.59675 0.067649 0.99606 -0.14774 0.6417 0.6417 -0.26624 0.64789 0.64483 0.64016 0.63555 0.61391 -0.17044 0.6077 -0.14774 0.61387 0.6077 0.24887 0.96006 0.6077 0.6077 -0.14848 0.60303 0.59999 -0.11704 -0.19526 0.58714 -0.29525 -0.33184 -0.14881 -0.36698 -0.055874 0.018011 0.1516 -0.062707 -0.14965 -0.1504 -0.14508 -0.12965 -0.066481 0.066301 -0.14965 -0.10956 0.15244 -0.14965 0.039005 -0.10148 -0.14424 -0.068391 -0.06934 0.35158 0.34979 -0.067438 -0.043005 -0.043005 0.21403 -0.13888 0.34979 -0.14348 -0.14271 -0.098578 0.31686 0.040847 0.041764 0.21294 -0.14271 -0.11477 0.14936 -0.11391 0.039927 0.016407 -0.1136 0.16806 -0.11593 -0.17654 0.031028 -0.17576 -0.17576 0.18313 0.050006 0.038672 0.11265 0.23016 -0.16852 0.17791 -0.16774 0.041405 -0.019273 -0.027942 0.18582 0.19122 0.30757 -0.16774 -0.05036 -0.16774 0.10611 -0.044018 0.10611 0.104 -0.04053 -0.19837 -0.15659 -0.12672 -0.17165 -0.17165 -0.17087 -0.048251 -0.047521 -0.014592 -0.041405 0.19122 0.19122 -0.17791 0.067721 0.082757 0.23799 -0.2247 -0.041682 -0.025979 -0.031077 -0.025645 0.047188 0.046119 0.043649 0.030612 -0.049415 -0.046744 0.028902 0.028902 0.079223 -0.09988 0.076965 0.28524 0.079223 -0.0048251 -0.054665 -0.051097 -0.053381 -0.049415 0.088598 -0.019288 -0.061388 -0.053381 0.042876 -0.036429 0.042538 -0.057909 0.25793 0.082718 -0.0060227 0.05195 0.26017 0.01514 0.010379 0.032262 0.014267 0.014267
0.41889 -0.18268 0.27009 0.77483 0.77483 0.41714 0.26795 0.71271 0.26112 0.42291 0.41889 0.27009 0.4209 0.27009 1 0.99287 0.40586 0.25047 0.27116 0.23133 0.4209 0.4209 0.41688 0.41688 0.41488 0.40354 0.41137 0.40686 0.26068 0.40528 0.23133 0.40123 0.40528 0.97876 0.25338 0.40528 0.40528 0.23249 0.40427 0.4063 0.22711 -0.718 0.076204 -0.13029 -0.11556 -0.28279 0.012732 0.13725 -0.0058675 0.25038 0.12946 -0.26598 -0.26908 -0.27138 -0.25595 0.14149 0.2315 -0.2612 0.15881 0.23168 -0.2612 -0.0018637 0.14572 -0.25952 0.13249 0.13392 0.035197 0.036786 0.13106 0.13373 0.13373 0.14323 -0.27138 0.036786 -0.2612 -0.26289 0.19636 0.044144 -0.0049273 -0.0064523 0.1445 -0.26289 0.16065 -0.22102 0.15924 -0.0033978 0.11784 -0.11777 0.024986 -0.11427 -0.1429 0.10959 -0.14425 -0.14425 0.092272 -0.012563 -0.083334 0.097235 0.088693 -0.14696 0.029062 -0.14831 -0.073101 -0.12885 0.080008 0.019834 0.018959 0.030259 -0.14831 0.15041 -0.14831 0.10272 0.077167 0.10272 0.10451 0.07174 -0.10792 -0.049156 0.030765 -0.14155 -0.14155 -0.1429 0.14755 -0.17594 0.092218 0.077938 0.024339 0.024339 -0.03435 0.13999 0.11046 0.075305 -0.088525 0.15869 0.05582 0.16389 0.15565 -0.10131 -0.099721 -0.090013 -0.22293 0.0068998 0.088355 -0.22515 -0.22515 -0.22814 -0.26456 0.12516 0.048645 -0.22814 -0.17909 0.034139 0.0050102 0.031767 0.0068998 -0.20546 0.19954 -0.0070197 0.031767 -0.094911 0.10397 -0.08835 -0.0075049 0.073239 -0.2009 -0.21711 0.17651 0.09894 -0.21429 0.16902 -0.098187 -0.21308 -0.21308
0.41512 -0.18224 0.27074 0.77227 0.77227 0.41815 0.26242 0.71005 0.26178 0.41917 0.41512 0.27074 0.41714 0.27074 0.99287 1 0.40199 0.24987 0.27181 0.23188 0.41714 0.41714 0.41788 0.41309 0.41107 0.39977 0.40761 0.403 0.25514 0.40149 0.23188 0.39741 0.40149 0.97639 0.25402 0.40149 0.40149 0.22618 0.40047 0.40251 0.22166 -0.7111 0.072071 -0.13192 -0.11704 -0.2811 0.01159 0.13805 -0.001937 0.25219 0.1303 -0.26433 -0.26742 -0.26975 -0.25429 0.14231 0.23094 -0.25956 0.15945 0.23351 -0.25956 0.0021293 0.14634 -0.25787 0.13332 0.13475 0.036198 0.037789 0.13189 0.13457 0.13457 0.14455 -0.26975 0.037789 -0.25956 -0.26124 0.19746 0.045119 -0.00095375 -0.0024883 0.14582 -0.26124 0.16132 -0.21877 0.15991 0.00058544 0.11829 -0.11554 0.025433 -0.11205 -0.14089 0.10989 -0.14224 -0.14224 0.093506 -0.0084441 -0.079815 0.097767 0.089994 -0.14495 0.030174 -0.14631 -0.069557 -0.12585 0.080199 0.020935 0.020047 0.031041 -0.14631 0.15113 -0.14631 0.10326 0.073645 0.10326 0.10505 0.06819 -0.1093 -0.050306 0.031493 -0.13954 -0.13954 -0.14089 0.14827 -0.17552 0.092483 0.07439 0.025422 0.025422 -0.035457 0.14046 0.11088 0.076295 -0.089532 0.15649 0.056099 0.16166 0.15346 -0.10206 -0.10047 -0.090737 -0.22425 0.0037691 0.089063 -0.22646 -0.22646 -0.22635 -0.26378 0.12568 0.049074 -0.22635 -0.18002 0.034687 0.0018954 0.032313 0.0037691 -0.20366 0.20079 -0.010137 0.032313 -0.095657 0.10429 -0.089072 -0.010601 0.073676 -0.19911 -0.21843 0.17717 0.099287 -0.21558 0.16992 -0.098923 -0.21437 -0.21437
0.9689 -0.074142 0.59675 0.52084 0.52084 -0.4049 0.64763 0.566 0.59281 0.95969 0.9689 0.59675 0.96427 0.59675 0.40586 0.40199 1 0.10166 0.59957 -0.22201 0.96427 0.96427 -0.40008 0.97357 0.96851 0.9615 0.95457 0.94832 0.65125 0.93923 -0.22201 0.94861 0.93923 0.3866 0.57275 0.93923 0.93923 -0.22311 0.93667 0.93203 0.51553 -0.27919 0.3522 -0.056273 -0.10498 0.017516 -0.17312 -0.068672 0.084375 0.064577 -0.097137 0.017453 0.016072 0.0062101 0.028565 -0.097371 0.085413 0.017453 -0.018014 0.048095 0.017453 0.086813 -0.0008145 0.016072 -0.10025 -0.10169 0.18734 0.18535 -0.098815 -0.083627 -0.083627 0.12844 0.001314 0.18535 0.012586 0.013964 -0.076558 0.1686 0.084241 0.085585 0.13177 0.013964 -0.035571 0.15827 -0.033812 0.082894 0.0070157 0.045886 0.089779 0.042005 -0.0011476 0.0057461 0.00010679 0.00010679 0.058565 0.083898 0.075729 0.036756 0.089943 0.002618 0.060107 0.0038747 0.085298 0.056689 -0.058522 0.048124 0.054604 0.1589 0.0038747 0.010301 0.0038747 0.0456 -0.089152 0.0456 0.043062 -0.084009 -0.03468 -0.017839 -0.15347 0.015493 0.015493 0.012277 0.014005 -0.071409 -0.059812 -0.080376 0.054604 0.054604 -0.060107 0.030172 0.031875 0.093221 -0.099785 -0.041723 -0.065851 -0.043106 -0.042971 -0.19173 -0.19417 -0.17917 -0.18973 -0.10832 0.18517 -0.19266 -0.19266 -0.081317 -0.14035 0.023488 0.14944 -0.081317 -0.056239 0.010817 -0.1108 0.013399 -0.10832 -0.060063 0.19197 -0.11305 0.013399 -0.18842 0.13673 -0.17492 -0.11203 0.12419 -0.0647 -0.1959 0.060564 0.13351 -0.18229 0.053954 -0.19339 -0.18377 -0.18377
0.10492 0.01935 0.067649 0.19518 0.19518 0.10567 0.067112 0.1796 0.068451 0.10593 0.10492 0.067649 0.10542 0.067649 0.25047 0.24987 0.10166 1 0.067917 0.057941 0.10542 0.10542 0.10441 0.10441 0.10391 0.10467 0.10542 0.10191 0.066843 0.10391 0.057941 0.10291 0.10391 0.24752 0.066573 0.10391 0.10391 0.05823 0.10366 0.10416 0.067649 0.084783 0.072117 0.18851 0.20936 0.092748 0.28273 0.05309 0.24986 0.12927 0.055229 0.090892 0.091157 0.0893 0.092483 0.054011 0.89959 0.090892 0.059944 0.12896 0.090892 0.25443 0.057362 0.091157 0.054622 0.054925 0.061438 0.061727 0.054317 0.056133 0.056133 0.095403 0.0893 0.061727 0.090892 0.090626 0.082116 0.059984 0.25289 0.25213 0.095668 0.090626 0.061634 0.12803 0.061354 0.25366 0.042809 0.14651 0.035247 0.14525 0.12778 0.030464 0.12749 0.12749 0.070944 0.26241 0.21619 0.046893 0.076279 0.13959 0.054959 0.13931 0.23248 0.18979 0.020039 0.053138 0.051912 0.041669 0.13931 0.064673 0.13931 0.047875 -0.23066 0.047875 0.0482 -0.23309 -0.084344 -0.060019 0.036624 0.14073 0.14073 0.14045 0.064126 0.018637 0.026531 -0.23248 0.051912 0.051912 -0.054959 0.045561 0.039546 0.063736 -0.066287 -0.10323 0.024915 -0.10511 -0.10292 -0.063851 -0.063576 -0.060792 -0.10153 -0.16736 0.059376 -0.10099 -0.10099 0.064589 0.039171 0.04755 0.035655 0.064589 -0.067129 0.043509 -0.16641 0.04316 -0.16736 0.067251 0.094341 -0.16736 0.04316 -0.062747 0.031828 -0.06051 -0.16594 0.038028 0.067251 -0.10126 0.043392 0.033145 -0.098594 0.063736 -0.062192 -0.098328 -0.098328
0.64733 -0.049535 0.99606 0.34798 0.34798 -0.27052 -0.16386 0.37815 0.98436 0.64118 0.64733 0.99606 0.64424 0.99606 0.27116 0.27181 0.59957 0.067917 1 -0.14833 0.64424 0.64424 -0.2673 0.65045 0.64742 0.64273 0.6381 0.61668 -0.16315 0.61039 -0.14833 0.61659 0.61039 0.25002 0.95625 0.61039 0.61039 -0.14906 0.60575 0.60269 -0.10998 -0.19642 0.58401 -0.29217 -0.32887 -0.14411 -0.36451 -0.056926 0.01951 0.14853 -0.063772 -0.14488 -0.14564 -0.14026 -0.12499 -0.067518 0.066564 -0.14488 -0.11028 0.14937 -0.14488 0.04042 -0.10218 -0.13949 -0.069431 -0.070382 0.34927 0.34748 -0.068476 -0.044138 -0.044138 0.21156 -0.13407 0.34748 -0.13872 -0.13795 -0.09996 0.31467 0.042265 0.043184 0.21048 -0.13795 -0.11551 0.15192 -0.11464 0.041344 0.015626 -0.11042 0.16699 -0.11272 -0.17281 0.030418 -0.17202 -0.17202 0.18091 0.051347 0.040332 0.11153 0.22774 -0.16479 0.17594 -0.164 0.04304 -0.017108 -0.028209 0.18386 0.18926 0.30567 -0.164 -0.051331 -0.164 0.105 -0.04566 0.105 0.10288 -0.042164 -0.19591 -0.15461 -0.12734 -0.16794 -0.16794 -0.16715 -0.049219 -0.047709 -0.015007 -0.04304 0.18926 0.18926 -0.17594 0.06675 0.081848 0.23596 -0.22267 -0.044537 -0.026335 -0.033926 -0.028551 0.039918 0.038821 0.036029 0.026557 -0.051224 -0.038937 0.024835 0.024835 0.076985 -0.10028 0.075934 0.28384 0.076985 -0.0033916 -0.05526 -0.05291 -0.053974 -0.051224 0.086294 -0.015012 -0.063164 -0.053974 0.035492 -0.036874 0.034887 -0.059707 0.25656 0.08043 -0.0099843 0.050737 0.25887 0.011028 0.0089827 0.024843 0.010149 0.010149
-0.2153 -0.042259 -0.14774 -0.41345 -0.41345 -0.23078 -0.12869 -0.33531 -0.14949 -0.21756 -0.2153 -0.14774 -0.23023 -0.14774 0.23133 0.23188 -0.22201 0.057941 -0.14833 1 -0.23023 -0.23023 -0.22804 -0.22804 -0.22694 -0.22858 -0.23023 -0.22256 -0.14598 -0.22694 0.99003 -0.22474 -0.22694 0.22723 -0.14539 -0.22694 -0.22694 0.98512 -0.22639 -0.21362 -0.049983 -0.14504 -0.16012 0.16549 0.24059 -0.088066 0.15414 -0.12759 -0.003648 0.072715 -0.12356 -0.076305 -0.077006 -0.072079 -0.080496 -0.11234 0.056787 -0.076305 0.36442 0.067126 -0.076305 -0.0012369 0.29672 -0.070091 -0.1137 -0.11438 -0.12077 -0.12142 -0.11302 -0.11707 -0.11707 0.16394 -0.065115 -0.12142 -0.069383 -0.068674 0.069541 -0.10925 0.00044573 0.0012833 0.16303 -0.068674 0.36946 -0.1515 0.37179 -0.00039432 -0.042272 0.14389 -0.046519 0.14675 0.17703 -0.06653 0.1778 0.1778 -0.15276 -0.0098111 0.015599 -0.078731 -0.17834 0.1666 -0.12533 0.16099 0.01252 0.058919 -0.043765 -0.1214 -0.13434 -0.094328 0.16099 0.29932 0.16099 -0.081286 -0.00087409 -0.081286 -0.082126 -0.011746 0.087493 0.054276 0.027917 0.15717 0.15717 0.15794 0.30325 -0.040702 -0.057941 -0.01252 -0.13434 -0.13434 0.12533 -0.075233 -0.058906 -0.11802 0.11611 0.11435 -0.054413 0.11853 0.12627 -0.055108 -0.047033 -0.049815 -0.14361 0.021201 0.05621 -0.13863 -0.13863 -0.16352 -0.044005 -0.021928 -0.032657 -0.16352 -0.12373 0.1575 0.026367 0.14732 0.021201 -0.1692 0.14025 0.014486 0.14732 -0.050654 0.06429 -0.051073 0.012194 -0.040394 -0.1626 -0.15116 0.043665 -0.040165 -0.14644 0.13731 -0.043665 -0.14732 -0.14732
0.98565 -0.076889 0.6417 0.54014 0.54014 -0.40081 0.62423 0.58697 0.6371 0.99524 0.98565 0.6417 1 0.6417 0.4209 0.41714 0.96427 0.10542 0.64424 -0.23023 1 1 -0.4149 0.99045 0.98569 0.97846 0.99045 0.96665 0.62785 0.97607 -0.23023 0.96651 0.97607 0.40219 0.61905 0.97607 0.97607 -0.23138 0.97368 0.96886 0.51251 -0.28985 0.39217 -0.069073 -0.12059 0.014925 -0.2014 -0.08173 0.075464 0.067527 -0.10424 0.010555 0.0091312 -0.0001246 0.025873 -0.11015 0.089323 0.015347 -0.029767 0.051363 0.015347 0.087711 -0.012314 0.013918 -0.11309 -0.11455 0.2138 0.21171 -0.11162 -0.096981 -0.096981 0.14233 -0.0049456 0.21171 0.0057633 0.0071851 -0.094733 0.18474 0.080153 0.081557 0.14553 0.0071851 -0.047395 0.17315 -0.045607 0.083926 -0.001683 0.039423 0.091872 0.0315 -0.016097 -0.00045552 -0.0148 -0.0148 0.072114 0.08409 0.080743 0.034979 0.10616 -0.012205 0.084429 -0.010907 0.089902 0.057825 -0.061647 0.068015 0.074863 0.18418 -0.010907 -0.0028358 -0.010907 0.043348 -0.093895 0.043348 0.040738 -0.088567 -0.053935 -0.035675 -0.15551 0.0002277 0.0002277 -0.0028777 0.00092149 -0.074055 -0.064219 -0.080209 0.074863 0.074863 -0.084429 0.028967 0.032955 0.10896 -0.1144 -0.053952 -0.069842 -0.050552 -0.055248 -0.20805 -0.21061 -0.19083 -0.19155 -0.11081 0.19073 -0.19457 -0.19457 -0.080664 -0.14606 0.021686 0.17129 -0.080664 -0.04959 0.0019201 -0.11337 0.004532 -0.11081 -0.060345 0.18629 -0.11545 0.004532 -0.19892 0.13982 -0.1868 -0.11465 0.14418 -0.064911 -0.19306 0.053694 0.15827 -0.18036 0.042673 -0.2041 -0.18188 -0.18188
0.98565 -0.076889 0.6417 0.54014 0.54014 -0.40081 0.62423 0.58697 0.6371 0.99524 0.98565 0.6417 1 0.6417 0.4209 0.41714 0.96427 0.10542 0.64424 -0.23023 1 1 -0.4149 0.99045 0.98569 0.97846 0.99045 0.96665 0.62785 0.97607 -0.23023 0.96651 0.97607 0.40219 0.61905 0.97607 0.97607 -0.23138 0.97368 0.96886 0.51251 -0.28985 0.39217 -0.069073 -0.12059 0.014925 -0.2014 -0.08173 0.075464 0.067527 -0.10424 0.010555 0.0091312 -0.0001246 0.025873 -0.11015 0.089323 0.015347 -0.029767 0.051363 0.015347 0.087711 -0.012314 0.013918 -0.11309 -0.11455 0.2138 0.21171 -0.11162 -0.096981 -0.096981 0.14233 -0.0049456 0.21171 0.0057633 0.0071851 -0.094733 0.18474 0.080153 0.081557 0.14553 0.0071851 -0.047395 0.17315 -0.045607 0.083926 -0.001683 0.039423 0.091872 0.0315 -0.016097 -0.00045552 -0.0148 -0.0148 0.072114 0.08409 0.080743 0.034979 0.10616 -0.012205 0.084429 -0.010907 0.089902 0.057825 -0.061647 0.068015 0.074863 0.18418 -0.010907 -0.0028358 -0.010907 0.043348 -0.093895 0.043348 0.040738 -0.088567 -0.053935 -0.035675 -0.15551 0.0002277 0.0002277 -0.0028777 0.00092149 -0.074055 -0.064219 -0.080209 0.074863 0.074863 -0.084429 0.028967 0.032955 0.10896 -0.1144 -0.053952 -0.069842 -0.050552 -0.055248 -0.20805 -0.21061 -0.19083 -0.19155 -0.11081 0.19073 -0.19457 -0.19457 -0.080664 -0.14606 0.021686 0.17129 -0.080664 -0.04959 0.0019201 -0.11337 0.004532 -0.11081 -0.060345 0.18629 -0.11545 0.004532 -0.19892 0.13982 -0.1868 -0.11465 0.14418 -0.064911 -0.19306 0.053694 0.15827 -0.18036 0.042673 -0.2041 -0.18188 -0.18188
-0.41292 -0.076155 -0.26624 0.53498 0.53498 0.98809 -0.26413 0.37032 -0.2694 -0.41688 -0.41292 -0.26624 -0.4149 -0.26624 0.41688 0.41788 -0.40008 0.10441 -0.2673 -0.22804 -0.4149 -0.4149 1 -0.41094 -0.40896 -0.41193 -0.4149 -0.40106 -0.26307 -0.40896 -0.22804 -0.40501 -0.40896 0.42185 -0.26201 -0.40896 -0.40896 -0.22917 -0.40797 -0.40995 -0.24771 -0.32514 -0.21162 -0.17934 -0.1642 -0.23731 0.10333 0.30656 -0.078813 0.13306 0.31873 -0.22431 -0.22549 -0.22207 -0.22658 0.32885 0.10234 -0.22431 -0.060416 0.13435 -0.22431 -0.088629 -0.044196 -0.22549 0.32375 0.32715 -0.091148 -0.092597 0.32034 0.31131 0.31131 -0.11163 -0.22207 -0.092597 -0.2195 -0.22314 0.24449 -0.06104 -0.085335 -0.088882 -0.11291 -0.22314 -0.044272 -0.29141 -0.049124 -0.086979 0.143 -0.25389 -0.032878 -0.24446 -0.2475 0.14647 -0.25071 -0.25071 0.12699 -0.08958 -0.17157 0.11993 0.10734 -0.24829 0.030842 -0.24708 -0.16824 -0.22612 0.17387 0.035176 0.036319 -0.092326 -0.24708 -0.050404 -0.24708 0.11887 0.16831 0.11887 0.1239 0.16497 -0.1165 -0.050992 0.17072 -0.24872 -0.24872 -0.2475 -0.059816 -0.073348 0.19893 0.16337 0.041731 0.041731 -0.036161 0.16647 0.12109 0.052666 -0.059289 0.12608 0.16543 0.12489 0.11605 0.14183 0.1404 0.1324 0.066334 0.095536 -0.13849 0.063725 0.063725 -0.028554 -0.086796 0.11379 -0.098429 -0.028554 -0.043385 -0.07471 0.092673 -0.07266 0.095536 -0.02206 -0.082741 0.090869 -0.07266 0.13607 -0.078768 0.13091 0.091245 -0.040962 -0.02206 0.074329 0.096642 -0.029673 0.061268 0.036029 0.13315 0.064642 0.064642
0.99521 -0.076155 0.64789 0.53498 0.53498 -0.41589 0.63032 0.58136 0.64331 0.98574 0.99521 0.64789 0.99045 0.64789 0.41688 0.41309 0.97357 0.10441 0.65045 -0.22804 0.99045 0.99045 -0.41094 1 0.99519 0.98798 0.98086 0.97597 0.63394 0.96623 -0.22804 0.97588 0.96623 0.39803 0.62509 0.96623 0.96623 -0.22917 0.9638 0.95903 0.49965 -0.29062 0.38789 -0.067479 -0.11829 0.020703 -0.19606 -0.078277 0.081246 0.062943 -0.10669 0.01622 0.014805 0.0054175 0.026898 -0.10676 0.088281 0.01622 -0.026665 0.046696 0.01622 0.083295 -0.0092807 0.014805 -0.10969 -0.11115 0.20191 0.19986 -0.10823 -0.093448 -0.093448 0.13455 0.00057736 0.19986 0.01141 0.012824 -0.089929 0.17249 0.080874 0.082263 0.13778 0.012824 -0.044272 0.16891 -0.042491 0.079482 0.00061041 0.039371 0.094131 0.035724 -0.0086147 0.0011794 -0.0073284 -0.0073284 0.06295 0.079794 0.075534 0.037637 0.09769 -0.0047536 0.068077 -0.0034651 0.084784 0.056002 -0.060815 0.056672 0.063379 0.17482 -0.0034651 0.00062775 -0.0034651 0.046092 -0.088752 0.046092 0.04349 -0.083457 -0.041336 -0.0251 -0.16011 0.00779 0.00779 0.0046569 0.0043705 -0.073348 -0.063049 -0.079919 0.063379 0.063379 -0.068077 0.03153 0.035211 0.10258 -0.10835 -0.04926 -0.068781 -0.045954 -0.046159 -0.19943 -0.20194 -0.18818 -0.18919 -0.10516 0.19468 -0.19218 -0.19218 -0.0839 -0.14454 0.024327 0.17389 -0.0839 -0.048807 0.0042654 -0.10771 0.006869 -0.10516 -0.063319 0.19283 -0.10983 0.006869 -0.19656 0.14209 -0.18409 -0.10898 0.1468 -0.067904 -0.19533 0.057249 0.16068 -0.18241 0.04712 -0.20169 -0.18392 -0.18392
0.99042 -0.075788 0.64483 0.5324 0.5324 -0.41389 0.62718 0.57856 0.64032 0.981 0.99042 0.64483 0.98569 0.64483 0.41488 0.41107 0.96851 0.10391 0.64742 -0.22694 0.98569 0.98569 -0.40896 0.99519 1 0.9928 0.98569 0.98069 0.63702 0.97099 -0.22694 0.98063 0.97099 0.40072 0.62815 0.97099 0.97099 -0.22807 0.96854 0.96378 0.50248 -0.29349 0.39102 -0.06668 -0.11714 0.018822 -0.19873 -0.082568 0.078983 0.062835 -0.11088 0.01425 0.012843 0.0033555 0.025019 -0.11105 0.08776 0.01425 -0.025105 0.046546 0.01425 0.081077 -0.0077554 0.017659 -0.11394 -0.11537 0.19876 0.19672 -0.11249 -0.097552 -0.097552 0.13301 0.0033555 0.19672 0.01425 0.01566 -0.092518 0.16918 0.078637 0.080023 0.13626 0.01566 -0.042702 0.16898 -0.040926 0.077249 -0.0071536 0.043732 0.09527 0.040044 -0.0048514 -0.01013 -0.0035703 -0.0035703 0.055875 0.077636 0.077772 0.038976 0.09585 -0.0010056 0.065184 0.00027794 0.087089 0.057366 -0.060399 0.053661 0.060316 0.17012 0.00027794 0.0023699 0.00027794 0.047474 -0.091029 0.047474 0.044875 -0.085771 -0.039707 -0.022376 -0.15891 0.011594 0.011594 0.0084471 0.0061056 -0.072995 -0.062463 -0.082213 0.060316 0.060316 -0.065184 0.03282 0.036346 0.099369 -0.10531 -0.049098 -0.068249 -0.045838 -0.045982 -0.20155 -0.20406 -0.19019 -0.19266 -0.107 0.19668 -0.19565 -0.19565 -0.085531 -0.14378 0.017507 0.1752 -0.085531 -0.051131 0.0054453 -0.10953 0.0080447 -0.107 -0.064817 0.19613 -0.11168 0.0080447 -0.19865 0.14323 -0.18609 -0.1108 0.14812 -0.069411 -0.19881 0.059039 0.16189 -0.18579 0.049359 -0.20377 -0.1873 -0.1873
0.9832 -0.076338 0.64016 0.52294 0.52294 -0.41689 0.62258 0.56959 0.63563 0.97377 0.9832 0.64016 0.97846 0.64016 0.40354 0.39977 0.9615 0.10467 0.64273 -0.22858 0.97846 0.97846 -0.41193 0.98798 0.9928 1 0.98805 0.97362 0.63241 0.96387 -0.22858 0.97352 0.96387 0.38955 0.62357 0.96387 0.96387 -0.22972 0.96144 0.95667 0.49824 -0.2818 0.38633 -0.065643 -0.11658 0.024027 -0.19473 -0.079142 0.082374 0.060809 -0.10755 0.019606 0.018183 0.0088632 0.030224 -0.10761 0.088541 0.019606 -0.027443 0.044582 0.019606 0.084402 -0.010041 0.022984 -0.11054 -0.112 0.19504 0.193 -0.10908 -0.094333 -0.094333 0.12822 0.0088632 0.193 0.019606 0.021031 -0.091133 0.1656 0.08199 0.083381 0.13145 0.021031 -0.045054 0.17107 -0.043272 0.080595 -0.0088553 0.045943 0.093563 0.042318 -0.0016518 -0.011326 -0.00036034 -0.00036034 0.056635 0.08087 0.08168 0.036971 0.096198 0.0022249 0.066863 0.0035188 0.090928 0.062141 -0.061023 0.05549 0.062203 0.16716 0.0035188 -0.00024071 0.0035188 0.045404 -0.094886 0.045404 0.042799 -0.089604 -0.039802 -0.023871 -0.15368 0.01473 0.01473 0.011607 0.0035057 -0.073524 -0.063342 -0.086067 0.062203 0.062203 -0.066863 0.030887 0.034645 0.1014 -0.10714 -0.05591 -0.069046 -0.052577 -0.052817 -0.19837 -0.20088 -0.18717 -0.18745 -0.11124 0.19369 -0.19046 -0.19046 -0.076177 -0.14492 0.01554 0.17324 -0.076177 -0.047649 0.0036773 -0.11378 0.0062829 -0.11124 -0.055703 0.19119 -0.1159 0.0062829 -0.19552 0.14152 -0.18309 -0.11506 0.14614 -0.060283 -0.1936 0.056357 0.16007 -0.18072 0.046005 -0.20065 -0.18224 -0.18224
